   1.0867500e+02
   1.0867500e+02
   1.0452740e+02
   9.4737271e+01
   8.7003538e+01
   7.9587127e+01
   7.8489248e+01
   7.5858802e+01
   7.5858802e+01
   7.3693040e+01
   6.8604716e+01
   6.1740424e+01
   6.1101742e+01
   5.5739440e+01
   5.0794147e+01
   5.0794147e+01
   4.8576979e+01
   4.4851011e+01
   4.1972387e+01
   3.7100717e+01
   3.7100717e+01
   3.7100717e+01
   3.5827789e+01
   3.4340620e+01
   3.3448319e+01
   3.0914747e+01
   2.9358404e+01
   2.8114013e+01
   2.6394419e+01
   2.4119619e+01
   2.4119619e+01
   2.2568240e+01
   2.1752606e+01
   2.1752606e+01
   1.9710960e+01
   1.9710960e+01
   1.9710960e+01
   1.9710960e+01
   1.9358439e+01
   1.8968853e+01
   1.8379125e+01
   1.8150371e+01
   1.6147014e+01
   1.6147014e+01
   1.6147014e+01
   1.5049250e+01
   1.5049250e+01
   1.5049250e+01
   1.3224546e+01
   1.3224546e+01
   1.3224546e+01
   1.3224546e+01
   1.3224546e+01
   1.3038832e+01
   1.3038832e+01
   1.3038832e+01
   1.3038832e+01
   1.2515882e+01
   1.2515882e+01
   1.2188528e+01
   1.2188528e+01
   1.2188528e+01
   1.2188528e+01
   1.1010354e+01
   1.0394945e+01
   1.0309234e+01
   1.0309234e+01
   1.0309234e+01
   9.0550824e+00
   7.1412931e+00
   7.1412931e+00
   7.1412931e+00
   7.1412931e+00
   6.9427831e+00
   6.3921421e+00
   6.3921421e+00
   6.3921421e+00
   6.3921421e+00
   6.3921421e+00
   6.2535582e+00
   6.2535582e+00
   6.2535582e+00
   5.8188655e+00
   5.6073638e+00
   5.6073638e+00
   5.6073638e+00
   5.6073638e+00
   4.9592046e+00
   4.9592046e+00
   4.9592046e+00
   4.9592046e+00
   4.9592046e+00
   4.7371773e+00
   4.0289854e+00
   4.0289854e+00
   4.0289854e+00
   3.8009288e+00
   3.8009288e+00
   3.8009288e+00
   3.7319934e+00
   3.7319934e+00
   3.7319934e+00
   3.7319934e+00
   3.2809897e+00
   3.2809897e+00
   3.0704443e+00
   3.0704443e+00
   3.0704443e+00
   3.0704443e+00
   3.0704443e+00
   3.0704443e+00
   3.0704443e+00
   3.0704443e+00
   3.0704443e+00
   2.8560673e+00
   2.7585586e+00
   2.7585586e+00
   2.7585586e+00
   2.7585586e+00
   2.4371143e+00
   2.1124035e+00
   2.1124035e+00
   2.1124035e+00
   2.1124035e+00
   1.9513747e+00
   1.9513747e+00
   1.9513747e+00
   1.9177386e+00
   1.8843717e+00
   1.8843717e+00
   1.8843717e+00
   1.8690041e+00
   1.8690041e+00
   1.5380454e+00
   1.5380454e+00
   1.5380454e+00
   1.5380454e+00
   1.5380454e+00
   1.4486839e+00
   1.4486839e+00
   1.4486839e+00
   1.4486839e+00
   1.3634041e+00
   1.3634041e+00
   1.3634041e+00
   1.3634041e+00
   1.3634041e+00
   1.0608944e+00
   1.0608944e+00
   9.8234576e-01
   9.8234576e-01
   9.8234576e-01
   9.8234576e-01
   8.6753553e-01
   8.6753553e-01
   8.6753553e-01
   8.6753553e-01
   8.2770759e-01
   8.2770759e-01
   8.2770759e-01
   8.0146928e-01
   7.7004599e-01
   7.7004599e-01
   7.6602051e-01
   7.6602051e-01
   7.6602051e-01
   7.4453186e-01
   7.4453186e-01
   7.1868282e-01
   7.1868282e-01
   7.1868282e-01
   6.7060501e-01
   6.6288467e-01
   6.6288467e-01
   6.6288467e-01
   6.3947916e-01
   6.3947916e-01
   6.3947916e-01
   6.3947916e-01
   6.3947916e-01
   6.3947916e-01
   6.3106754e-01
   6.3106754e-01
   6.2137746e-01
   6.0000578e-01
   5.5935383e-01
   5.5935383e-01
   5.5935383e-01
   5.5935383e-01
   5.5935383e-01
   5.5696625e-01
   4.0858269e-01
   4.0858269e-01
   4.0244254e-01
   4.0244254e-01
   4.0244254e-01
   3.9083257e-01
   3.9083257e-01
   3.9083257e-01
   3.6386274e-01
   3.5341684e-01
   2.7299582e-01
   2.7299582e-01
   2.7299582e-01
   2.7299582e-01
   2.7299582e-01
   2.5914095e-01
   2.5914095e-01
   2.5914095e-01
   2.5373126e-01
   2.5373126e-01
   2.5373126e-01
   2.5373126e-01
   2.5373126e-01
   2.5362902e-01
   2.3763187e-01
   2.2027808e-01
   2.1857005e-01
   2.1857005e-01
   2.1372796e-01
   1.9208837e-01
   1.9208837e-01
   1.8470757e-01
   1.8470757e-01
   1.7092457e-01
   1.6174337e-01
   1.6174337e-01
   1.6174337e-01
   1.6174337e-01
   1.5949971e-01
   1.5949971e-01
   1.5689624e-01
   1.5689624e-01
   1.5069387e-01
   1.4868972e-01
   1.4397449e-01
   1.4356906e-01
   1.3409040e-01
   1.2600015e-01
   1.2600015e-01
   1.2008425e-01
   1.1332567e-01
   1.1332567e-01
   1.1332567e-01
   1.1332567e-01
   1.0940432e-01
   1.0940432e-01
   1.0940432e-01
   1.0503409e-01
   1.0215360e-01
   1.0215360e-01
   1.0016923e-01
   1.0016923e-01
   1.0016923e-01
   1.0016923e-01
   1.0016923e-01
   9.8781665e-02
   9.8781665e-02
   9.0579175e-02
   9.0579175e-02
   9.0579175e-02
   9.0579175e-02
   9.0579175e-02
   9.0579175e-02
   9.0579175e-02
   8.5592729e-02
   8.5592729e-02
   8.4865284e-02
   8.4865284e-02
   8.4865284e-02
   8.3575959e-02
   8.1615113e-02
   8.1615113e-02
   8.1615113e-02
   8.0126265e-02
   7.3646011e-02
   6.9633621e-02
   6.9633621e-02
   6.9633621e-02
   6.9633621e-02
   6.9633621e-02
   6.9574788e-02
   6.9175386e-02
   6.7846105e-02
   6.7846105e-02
   6.7846105e-02
   6.7846105e-02
   6.7846105e-02
   6.7846105e-02
   6.7846105e-02
   6.7846105e-02
   6.7846105e-02
   6.7846105e-02
   6.6838571e-02
   6.6139702e-02
   6.3885296e-02
   6.3626167e-02
   6.0298362e-02
   5.9845439e-02
   5.9845439e-02
   5.5810786e-02
   5.5810786e-02
   5.5810786e-02
   5.5810786e-02
   5.4372393e-02
   5.2631556e-02
   5.2631556e-02
   5.2631556e-02
   5.2631556e-02
   5.2445032e-02
   5.2445032e-02
   4.8956568e-02
   4.6952157e-02
   4.4574737e-02
   4.4574737e-02
   4.4574737e-02
   4.4574737e-02
   4.2032356e-02
   4.2032356e-02
   4.2032356e-02
   4.1800518e-02
   3.7802310e-02
   3.7802310e-02
   3.7802310e-02
   3.7802310e-02
   3.7802310e-02
   3.6288725e-02
   3.6288725e-02
   3.6288725e-02
   3.6288725e-02
   3.6288725e-02
   3.1150745e-02
   3.1150745e-02
   3.1150745e-02
   3.1150745e-02
   3.1150745e-02
   3.1150745e-02
   3.0250933e-02
   3.0250933e-02
   3.0250933e-02
   3.0250933e-02
   3.0250933e-02
   3.0250933e-02
   3.0250933e-02
   3.0250933e-02
   3.0250933e-02
   3.0250933e-02
   2.9957340e-02
   2.9957340e-02
   2.8908726e-02
   2.8908726e-02
   2.8908726e-02
   2.8908726e-02
   2.8908726e-02
   2.7420782e-02
   2.5351728e-02
   2.5351728e-02
   2.4782005e-02
   2.4782005e-02
   2.4782005e-02
   2.4358315e-02
   2.4358315e-02
   2.4332063e-02
   2.4332063e-02
   2.4332063e-02
   2.4216338e-02
   2.4216338e-02
   2.4159352e-02
   2.4159352e-02
   2.4159352e-02
   2.4075437e-02
   2.3862746e-02
   2.3862746e-02
   2.3862746e-02
   2.3862746e-02
   2.3862746e-02
   2.3862746e-02
   2.3688262e-02
   2.3392756e-02
   2.2989733e-02
   2.2747918e-02
   2.2602830e-02
   2.2044174e-02
   2.2044174e-02
   2.1967283e-02
   2.1967283e-02
   2.1967283e-02
   2.1967283e-02
   2.1758646e-02
   2.1758646e-02
   2.1758646e-02
   2.1758646e-02
   2.1758646e-02
   2.1758646e-02
   2.1758646e-02
   2.1263562e-02
   2.0962387e-02
   2.0962387e-02
   2.0511996e-02
   2.0234370e-02
   2.0234370e-02
   2.0234370e-02
   2.0234370e-02
   2.0234370e-02
   2.0234370e-02
   2.0234370e-02
   2.0234370e-02
   2.0234370e-02
   2.0234370e-02
   2.0234370e-02
   2.0234370e-02
   2.0234370e-02
   2.0234370e-02
   1.7897765e-02
   1.7897765e-02
   1.7897765e-02
   1.7897765e-02
   1.7897765e-02
   1.7897765e-02
   1.7897765e-02
   1.7897765e-02
   1.7897765e-02
   1.7897765e-02
   1.7897765e-02
   1.7897765e-02
   1.7718752e-02
   1.7428140e-02
   1.7428140e-02
   1.7428140e-02
   1.7264003e-02
   1.7264003e-02
   1.7264003e-02
   1.7264003e-02
   1.7264003e-02
   1.7136125e-02
   1.7136125e-02
   1.7136125e-02
   1.7136125e-02
   1.7136125e-02
   1.7136125e-02
   1.7134732e-02
   1.7134334e-02
   1.7134095e-02
   1.7133951e-02
   1.7133865e-02
   1.7133814e-02
   1.7133783e-02
   1.7133764e-02
   1.6870250e-02
   1.6870250e-02
   1.6870250e-02
   1.6329400e-02
   1.6329400e-02
   1.6329400e-02
   1.6329400e-02
   1.6329400e-02
   1.6329400e-02
   1.6329400e-02
   1.6329400e-02
   1.6329400e-02
   1.5864556e-02
   1.5864556e-02
   1.5864556e-02
   1.5864556e-02
   1.5864556e-02
   1.5864556e-02
   1.5864556e-02
   1.5864556e-02
   1.5758050e-02
   1.5666478e-02
   1.5666478e-02
   1.5666478e-02
   1.5639130e-02
   1.5639130e-02
   1.5639130e-02
   1.5639130e-02
   1.5639130e-02
   1.5639130e-02
   1.5639130e-02
   1.5639130e-02
   1.5639130e-02
   1.5639130e-02
   1.5631267e-02
   1.5631267e-02
   1.5631267e-02
   1.5631267e-02
   1.5535995e-02
   1.5462373e-02
   1.5364409e-02
   1.5253900e-02
   1.5253900e-02
   1.5253900e-02
   1.5253900e-02
   1.5219870e-02
   1.5219870e-02
   1.5110903e-02
   1.5110903e-02
   1.5110903e-02
   1.5072641e-02
   1.4837280e-02
   1.4837280e-02
   1.4837280e-02
   1.4837280e-02
   1.4837280e-02
   1.4837280e-02
   1.4837280e-02
   1.4837280e-02
   1.4837280e-02
   1.4657442e-02
   1.4657442e-02
   1.4657442e-02
   1.4657442e-02
   1.4657442e-02
   1.4657442e-02
   1.4657442e-02
   1.4657442e-02
   1.4657442e-02
   1.4657442e-02
   1.4657442e-02
   1.4523809e-02
   1.4507258e-02
   1.4507258e-02
   1.4505916e-02
   1.4505916e-02
   1.4505916e-02
   1.4504310e-02
   1.4458323e-02
   1.4458323e-02
   1.4458323e-02
   1.4458323e-02
   1.4458323e-02
   1.4450902e-02
   1.4450902e-02
   1.4450902e-02
   1.4425108e-02
   1.4425108e-02
   1.4425108e-02
   1.4409891e-02
   1.4409891e-02
   1.4409891e-02
   1.4409891e-02
   1.4409891e-02
   1.4409891e-02
   1.4409810e-02
   1.4409810e-02
   1.4407727e-02
   1.4395955e-02
   1.4262256e-02
   1.4262256e-02
   1.4262256e-02
   1.4262256e-02
   1.4200019e-02
   1.4161323e-02
   1.4138106e-02
   1.4138106e-02
   1.4138106e-02
   1.4138098e-02
   1.4126167e-02
   1.4119009e-02
   1.4114714e-02
   1.4112137e-02
   1.4110591e-02
   1.4105619e-02
   1.4074202e-02
   1.4074202e-02
   1.4074202e-02
   1.4067024e-02
   1.4067024e-02
   1.4067024e-02
   1.4050907e-02
   1.4037081e-02
   1.4028785e-02
   1.4023808e-02
   1.4020821e-02
   1.3976503e-02
   1.3976503e-02
   1.3976503e-02
   1.3976503e-02
   1.3976503e-02
   1.3970852e-02
   1.3970852e-02
   1.3965939e-02
   1.3965939e-02
   1.3965939e-02
   1.3957410e-02
   1.3954348e-02
   1.3947545e-02
   1.3943463e-02
   1.3941013e-02
   1.3939544e-02
   1.3938662e-02
   1.3938133e-02
   1.3937815e-02
   1.3937625e-02
   1.3927247e-02
   1.3927247e-02
   1.3924717e-02
   1.3916038e-02
   1.3909827e-02
   1.3905063e-02
   1.3896800e-02
   1.3896800e-02
   1.3847517e-02
   1.3847517e-02
   1.3831366e-02
   1.3831366e-02
   1.3598597e-02
   1.3598597e-02
   1.3598597e-02
   1.3598597e-02
   1.3447522e-02
   1.3447522e-02
   1.3447522e-02
   1.3447522e-02
   1.3447522e-02
   1.3447522e-02
   1.3447522e-02
   1.3447522e-02
   1.3447522e-02
   1.3447522e-02
   1.3447522e-02
   1.3447522e-02
   1.3447522e-02
   1.3447522e-02
   1.3447522e-02
   1.3447522e-02
   1.3447522e-02
   1.3447522e-02
   1.3447522e-02
   1.3447522e-02
   1.3425377e-02
   1.3403374e-02
   1.3390172e-02
   1.3382251e-02
   1.3377498e-02
   1.3374647e-02
   1.3372936e-02
   1.3371909e-02
   1.3371293e-02
   1.3303898e-02
   1.3303898e-02
   1.3303898e-02
   1.3303898e-02
   1.3303898e-02
   1.3303898e-02
   1.3303898e-02
   1.3303898e-02
   1.3303898e-02
   1.3303898e-02
   1.3303898e-02
   1.3303898e-02
   1.3287565e-02
   1.3254591e-02
   1.3223058e-02
   1.3223058e-02
   1.3223058e-02
   1.3187381e-02
   1.3187381e-02
   1.3187381e-02
   1.3187381e-02
   1.3187381e-02
   1.3187381e-02
   1.3187381e-02
   1.3180618e-02
   1.3172188e-02
   1.3172188e-02
   1.3167480e-02
   1.3167480e-02
   1.3167480e-02
   1.3167480e-02
   1.3160525e-02
   1.3137125e-02
   1.3137125e-02
   1.3137125e-02
   1.3137125e-02
   1.3137125e-02
   1.3137125e-02
   1.3137125e-02
   1.3137125e-02
   1.3113446e-02
   1.3063698e-02
   1.3063698e-02
   1.3063698e-02
   1.3063698e-02
   1.3063698e-02
   1.3036920e-02
   1.3036920e-02
   1.3036920e-02
   1.3036920e-02
   1.3036920e-02
   1.3036920e-02
   1.3036920e-02
   1.3036920e-02
   1.3036920e-02
   1.3036920e-02
   1.3036920e-02
   1.3036920e-02
   1.3036920e-02
   1.3036920e-02
   1.3035700e-02
   1.3035700e-02
   1.2905135e-02
   1.2905135e-02
   1.2895196e-02
   1.2895196e-02
   1.2868536e-02
   1.2841206e-02
   1.2824808e-02
   1.2824808e-02
   1.2824808e-02
   1.2824808e-02
   1.2824808e-02
   1.2824808e-02
   1.2797621e-02
   1.2797621e-02
   1.2797621e-02
   1.2748776e-02
   1.2748776e-02
   1.2748776e-02
   1.2748776e-02
   1.2748776e-02
   1.2748776e-02
   1.2748776e-02
   1.2748776e-02
   1.2748776e-02
   1.2748776e-02
   1.2732162e-02
   1.2732162e-02
   1.2732162e-02
   1.2731180e-02
   1.2731180e-02
   1.2731180e-02
   1.2731180e-02
   1.2715142e-02
   1.2715142e-02
   1.2715142e-02
   1.2706695e-02
   1.2706695e-02
   1.2698906e-02
   1.2688936e-02
   1.2683926e-02
   1.2678798e-02
   1.2678452e-02
   1.2678244e-02
   1.2678119e-02
   1.2671368e-02
   1.2671368e-02
   1.2668947e-02
   1.2668947e-02
   1.2665989e-02
   1.2665989e-02
   1.2663394e-02
   1.2663394e-02
   1.2663394e-02
   1.2661207e-02
   1.2659734e-02
   1.2659734e-02
   1.2659734e-02
   1.2659734e-02
   1.2659734e-02
   1.2659694e-02
   1.2659346e-02
   1.2659346e-02
   1.2659346e-02
   1.2659346e-02
   1.2659025e-02
   1.2659025e-02
   1.2659005e-02
   1.2656341e-02
   1.2649725e-02
   1.2643694e-02
   1.2643694e-02
   1.2639423e-02
   1.2639423e-02
   1.2639355e-02
   1.2638677e-02
   1.2638677e-02
   1.2635928e-02
   1.2623675e-02
   1.2614681e-02
   1.2609284e-02
   1.2606047e-02
   1.2606047e-02
   1.2605546e-02
   1.2605546e-02
   1.2605502e-02
   1.2600130e-02
   1.2596415e-02
   1.2596415e-02
   1.2593749e-02
   1.2593487e-02
   1.2593330e-02
   1.2593236e-02
   1.2593179e-02
   1.2587788e-02
   1.2583012e-02
   1.2583012e-02
   1.2581414e-02
   1.2581414e-02
   1.2581414e-02
   1.2581414e-02
   1.2581414e-02
   1.2581414e-02
   1.2577603e-02
   1.2577603e-02
   1.2577603e-02
   1.2577603e-02
   1.2577603e-02
   1.2577603e-02
   1.2577603e-02
   1.2577603e-02
   1.2573198e-02
   1.2573198e-02
   1.2573198e-02
   1.2573198e-02
   1.2573198e-02
   1.2573198e-02
   1.2573198e-02
   1.2573180e-02
   1.2572311e-02
   1.2571219e-02
   1.2568530e-02
   1.2566055e-02
   1.2564428e-02
   1.2562969e-02
   1.2561347e-02
   1.2561347e-02
   1.2560837e-02
   1.2560837e-02
   1.2560837e-02
   1.2560837e-02
   1.2559913e-02
   1.2557302e-02
   1.2553534e-02
   1.2553534e-02
   1.2553534e-02
   1.2550812e-02
   1.2547887e-02
   1.2547887e-02
   1.2544977e-02
   1.2544977e-02
   1.2544342e-02
   1.2542436e-02
   1.2540603e-02
   1.2538423e-02
   1.2537114e-02
   1.2536328e-02
   1.2535144e-02
   1.2535144e-02
   1.2532994e-02
   1.2532994e-02
   1.2530381e-02
   1.2530381e-02
   1.2530381e-02
   1.2530381e-02
   1.2530381e-02
   1.2526132e-02
   1.2526132e-02
   1.2525044e-02
   1.2525044e-02
   1.2521981e-02
   1.2521981e-02
   1.2521981e-02
   1.2518482e-02
   1.2518482e-02
   1.2518482e-02
   1.2518482e-02
   1.2518482e-02
   1.2518482e-02
   1.2518482e-02
   1.2518482e-02
   1.2518482e-02
   1.2514236e-02
   1.2512717e-02
   1.2512717e-02
   1.2512717e-02
   1.2512717e-02
   1.2511310e-02
   1.2511310e-02
   1.2511310e-02
   1.2511310e-02
   1.2511310e-02
   1.2510357e-02
   1.2510357e-02
   1.2510357e-02
   1.2510357e-02
   1.2509750e-02
   1.2508652e-02
   1.2508652e-02
   1.2508624e-02
   1.2508624e-02
   1.2508624e-02
   1.2508624e-02
   1.2499904e-02
   1.2499904e-02
   1.2498015e-02
   1.2498015e-02
   1.2498015e-02
   1.2498015e-02
   1.2498015e-02
   1.2498015e-02
   1.2498015e-02
   1.2498015e-02
   1.2494600e-02
   1.2493544e-02
   1.2493544e-02
   1.2493286e-02
   1.2493286e-02
   1.2493286e-02
   1.2493286e-02
   1.2493286e-02
   1.2493286e-02
   1.2493000e-02
   1.2490318e-02
   1.2490318e-02
   1.2490318e-02
   1.2490318e-02
   1.2490318e-02
   1.2490318e-02
   1.2490318e-02
   1.2488197e-02
   1.2486514e-02
   1.2486514e-02
   1.2486514e-02
   1.2486514e-02
   1.2486514e-02
   1.2486514e-02
   1.2486514e-02
   1.2486514e-02
   1.2484780e-02
   1.2484780e-02
   1.2484780e-02
   1.2484172e-02
   1.2484172e-02
   1.2484172e-02
   1.2484172e-02
   1.2484172e-02
   1.2484172e-02
   1.2484172e-02
   1.2484172e-02
   1.2484172e-02
   1.2484172e-02
   1.2484172e-02
   1.2484172e-02
   1.2484166e-02
   1.2484166e-02
   1.2484166e-02
   1.2484166e-02
   1.2484166e-02
   1.2484136e-02
   1.2484136e-02
   1.2484136e-02
   1.2483995e-02
   1.2483995e-02
   1.2483883e-02
   1.2483787e-02
   1.2483729e-02
   1.2483592e-02
   1.2483091e-02
   1.2482532e-02
   1.2482532e-02
   1.2482418e-02
   1.2482273e-02
   1.2482273e-02
   1.2482127e-02
   1.2481982e-02
   1.2481982e-02
   1.2481982e-02
   1.2481430e-02
   1.2481019e-02
   1.2481019e-02
   1.2480806e-02
   1.2480105e-02
   1.2480105e-02
   1.2479717e-02
   1.2479291e-02
   1.2479291e-02
   1.2476131e-02
   1.2476034e-02
   1.2469581e-02
   1.2469581e-02
   1.2467849e-02
   1.2467262e-02
   1.2462019e-02
   1.2454009e-02
   1.2454009e-02
   1.2454009e-02
   1.2446505e-02
   1.2430306e-02
   1.2423217e-02
   1.2423217e-02
   1.2423217e-02
   1.2423217e-02
   1.2423217e-02
   1.2423217e-02
   1.2423217e-02
   1.2423217e-02
   1.2420972e-02
   1.2420972e-02
   1.2420972e-02
   1.2420972e-02
   1.2420972e-02
   1.2420972e-02
   1.2420972e-02
   1.2420972e-02
   1.2420972e-02
   1.2420972e-02
   1.2420972e-02
   1.2420972e-02
   1.2420972e-02
   1.2420972e-02
   1.2420972e-02
   1.2420972e-02
   1.2420972e-02
   1.2420972e-02
   1.2420875e-02
   1.2420875e-02
   1.2420827e-02
   1.2420827e-02
   1.2420723e-02
   1.2420723e-02
   1.2420723e-02
   1.2420723e-02
   1.2420585e-02
   1.2420393e-02
   1.2420393e-02
   1.2420393e-02
   1.2420393e-02
   1.2420393e-02
   1.2420393e-02
   1.2420277e-02
   1.2420277e-02
   1.2420277e-02
   1.2419728e-02
   1.2419728e-02
   1.2419728e-02
   1.2419728e-02
   1.2419728e-02
   1.2419728e-02
   1.2419728e-02
   1.2419728e-02
   1.2419728e-02
   1.2419728e-02
   1.2419728e-02
   1.2419728e-02
   1.2419728e-02
   1.2419728e-02
   1.2419728e-02
   1.2419728e-02
   1.2419728e-02
   1.2419655e-02
   1.2419655e-02
   1.2419655e-02
   1.2419484e-02
   1.2418510e-02
   1.2418510e-02
   1.2418245e-02
   1.2418245e-02
   1.2417959e-02
   1.2417739e-02
   1.2417607e-02
   1.2417607e-02
   1.2417599e-02
   1.2417599e-02
   1.2417599e-02
   1.2417599e-02
   1.2417576e-02
   1.2417576e-02
   1.2417576e-02
   1.2417569e-02
   1.2417418e-02
   1.2416998e-02
   1.2416615e-02
   1.2416341e-02
   1.2416176e-02
   1.2416176e-02
   1.2416176e-02
   1.2416176e-02
   1.2416166e-02
   1.2416113e-02
   1.2416081e-02
   1.2415965e-02
   1.2415965e-02
   1.2415965e-02
   1.2415954e-02
   1.2415882e-02
   1.2415786e-02
   1.2415786e-02
   1.2415786e-02
   1.2415786e-02
   1.2415786e-02
   1.2415786e-02
   1.2415786e-02
   1.2415786e-02
   1.2415786e-02
   1.2415786e-02
   1.2415786e-02
   1.2415780e-02
   1.2415773e-02
   1.2415769e-02
   1.2415766e-02
   1.2415765e-02
   1.2415764e-02
   1.2415763e-02
   1.2415718e-02
   1.2415718e-02
   1.2415702e-02
   1.2415702e-02
   1.2415702e-02
   1.2415675e-02
   1.2415635e-02
   1.2415635e-02
   1.2415552e-02
   1.2415487e-02
   1.2415423e-02
   1.2415397e-02
   1.2415366e-02
   1.2415231e-02
   1.2415231e-02
   1.2415231e-02
   1.2415186e-02
   1.2415125e-02
   1.2415032e-02
   1.2415032e-02
   1.2414961e-02
   1.2414838e-02
   1.2414838e-02
   1.2414838e-02
   1.2414838e-02
   1.2414781e-02
   1.2414781e-02
   1.2414760e-02
   1.2414760e-02
   1.2414758e-02
   1.2414731e-02
   1.2414731e-02
   1.2414699e-02
   1.2414699e-02
   1.2414699e-02
   1.2414699e-02
   1.2414699e-02
   1.2414677e-02
   1.2414677e-02
   1.2414657e-02
   1.2414657e-02
   1.2414657e-02
   1.2414657e-02
   1.2414657e-02
   1.2414657e-02
   1.2414657e-02
   1.2414653e-02
   1.2414653e-02
   1.2414653e-02
   1.2414653e-02
   1.2414653e-02
   1.2414650e-02
   1.2414650e-02
   1.2414649e-02
   1.2414649e-02
   1.2414634e-02
   1.2414632e-02
   1.2414621e-02
   1.2414607e-02
   1.2414563e-02
   1.2414562e-02
   1.2414529e-02
   1.2414509e-02
   1.2414509e-02
   1.2414509e-02
   1.2414509e-02
   1.2414509e-02
   1.2414467e-02
   1.2414467e-02
   1.2414467e-02
   1.2414467e-02
   1.2414467e-02
   1.2414467e-02
   1.2414467e-02
   1.2414467e-02
   1.2414467e-02
   1.2414467e-02
   1.2414455e-02
   1.2414451e-02
   1.2414451e-02
   1.2414451e-02
   1.2414451e-02
   1.2414451e-02
   1.2414451e-02
   1.2414451e-02
   1.2414451e-02
   1.2414451e-02
   1.2414451e-02
   1.2414451e-02
   1.2414451e-02
   1.2414451e-02
   1.2414451e-02
   1.2414451e-02
   1.2414451e-02
   1.2414448e-02
   1.2414445e-02
   1.2414443e-02
   1.2414435e-02
   1.2414435e-02
   1.2414435e-02
   1.2414435e-02
   1.2414429e-02
   1.2414429e-02
   1.2414429e-02
   1.2414427e-02
   1.2414425e-02
   1.2414421e-02
   1.2414421e-02
   1.2414421e-02
   1.2414421e-02
   1.2414392e-02
   1.2414363e-02
   1.2414308e-02
   1.2414209e-02
   1.2414129e-02
   1.2414036e-02
   1.2413893e-02
   1.2413874e-02
   1.2413874e-02
   1.2413874e-02
   1.2413828e-02
   1.2413748e-02
   1.2413748e-02
   1.2413715e-02
   1.2413715e-02
   1.2413694e-02
   1.2413694e-02
   1.2413694e-02
   1.2413694e-02
   1.2413689e-02
   1.2413689e-02
   1.2413689e-02
   1.2413689e-02
   1.2413689e-02
   1.2413689e-02
   1.2413689e-02
   1.2413689e-02
   1.2413689e-02
   1.2413684e-02
   1.2413681e-02
   1.2413681e-02
   1.2413681e-02
   1.2413680e-02
   1.2413680e-02
   1.2413679e-02
   1.2413679e-02
   1.2413679e-02
   1.2413678e-02
   1.2413677e-02
   1.2413642e-02
   1.2413642e-02
   1.2413604e-02
   1.2413517e-02
   1.2413384e-02
   1.2413384e-02
   1.2413330e-02
   1.2413330e-02
   1.2413330e-02
   1.2413291e-02
   1.2413291e-02
   1.2413281e-02
   1.2413281e-02
   1.2413225e-02
   1.2413133e-02
   1.2413133e-02
   1.2413131e-02
   1.2413131e-02
   1.2413112e-02
   1.2413050e-02
   1.2413050e-02
   1.2413029e-02
   1.2413029e-02
   1.2413029e-02
   1.2413029e-02
   1.2413016e-02
   1.2413016e-02
   1.2413016e-02
   1.2413016e-02
   1.2413016e-02
   1.2412929e-02
   1.2412929e-02
   1.2412929e-02
   1.2412929e-02
   1.2412929e-02
   1.2412928e-02
   1.2412928e-02
   1.2412928e-02
   1.2412928e-02
   1.2412928e-02
   1.2412928e-02
   1.2412908e-02
   1.2412908e-02
   1.2412908e-02
   1.2412908e-02
   1.2412908e-02
   1.2412908e-02
   1.2412908e-02
   1.2412908e-02
   1.2412908e-02
   1.2412908e-02
   1.2412908e-02
   1.2412908e-02
   1.2412897e-02
   1.2412849e-02
   1.2412849e-02
   1.2412849e-02
   1.2412849e-02
   1.2412849e-02
   1.2412849e-02
   1.2412849e-02
   1.2412849e-02
   1.2412849e-02
   1.2412849e-02
   1.2412847e-02
   1.2412847e-02
   1.2412847e-02
   1.2412840e-02
   1.2412821e-02
   1.2412821e-02
   1.2412821e-02
   1.2412821e-02
   1.2412821e-02
   1.2412808e-02
   1.2412808e-02
   1.2412807e-02
   1.2412807e-02
   1.2412789e-02
   1.2412789e-02
   1.2412789e-02
   1.2412789e-02
   1.2412789e-02
   1.2412789e-02
   1.2412789e-02
   1.2412789e-02
   1.2412789e-02
   1.2412789e-02
   1.2412788e-02
   1.2412788e-02
   1.2412788e-02
   1.2412781e-02
   1.2412781e-02
   1.2412781e-02
   1.2412777e-02
   1.2412777e-02
   1.2412777e-02
   1.2412777e-02
   1.2412777e-02
   1.2412770e-02
   1.2412764e-02
   1.2412764e-02
   1.2412756e-02
   1.2412740e-02
   1.2412730e-02
   1.2412730e-02
   1.2412726e-02
   1.2412726e-02
   1.2412718e-02
   1.2412718e-02
   1.2412718e-02
   1.2412718e-02
   1.2412718e-02
   1.2412716e-02
   1.2412711e-02
   1.2412711e-02
   1.2412711e-02
   1.2412711e-02
   1.2412711e-02
   1.2412711e-02
   1.2412711e-02
   1.2412711e-02
   1.2412711e-02
   1.2412710e-02
   1.2412710e-02
   1.2412706e-02
   1.2412700e-02
   1.2412696e-02
   1.2412696e-02
   1.2412696e-02
   1.2412696e-02
   1.2412695e-02
   1.2412695e-02
   1.2412695e-02
   1.2412695e-02
   1.2412695e-02
   1.2412694e-02
   1.2412694e-02
   1.2412694e-02
   1.2412694e-02
   1.2412694e-02
   1.2412694e-02
   1.2412694e-02
   1.2412692e-02
   1.2412692e-02
   1.2412692e-02
   1.2412692e-02
   1.2412692e-02
   1.2412692e-02
   1.2412692e-02
   1.2412692e-02
   1.2412692e-02
   1.2412692e-02
   1.2412691e-02
   1.2412691e-02
   1.2412691e-02
   1.2412690e-02
   1.2412690e-02
   1.2412690e-02
   1.2412690e-02
   1.2412690e-02
   1.2412685e-02
   1.2412638e-02
   1.2412638e-02
   1.2412638e-02
   1.2412638e-02
   1.2412613e-02
   1.2412613e-02
   1.2412601e-02
   1.2412556e-02
   1.2412535e-02
   1.2412535e-02
   1.2412531e-02
   1.2412531e-02
   1.2412531e-02
   1.2412531e-02
   1.2412455e-02
   1.2412455e-02
   1.2412435e-02
   1.2412405e-02
   1.2412405e-02
   1.2412405e-02
   1.2412395e-02
   1.2412369e-02
   1.2412364e-02
   1.2412353e-02
   1.2412353e-02
   1.2412345e-02
   1.2412345e-02
   1.2412345e-02
   1.2412345e-02
   1.2412345e-02
   1.2412345e-02
   1.2412343e-02
   1.2412336e-02
   1.2412331e-02
   1.2412329e-02
   1.2412329e-02
   1.2412328e-02
   1.2412325e-02
   1.2412320e-02
   1.2412317e-02
   1.2412311e-02
   1.2412307e-02
   1.2412304e-02
   1.2412291e-02
   1.2412259e-02
   1.2412227e-02
   1.2412227e-02
   1.2412227e-02
   1.2412227e-02
   1.2412215e-02
   1.2412208e-02
   1.2412208e-02
   1.2412177e-02
   1.2412177e-02
   1.2412177e-02
   1.2412177e-02
   1.2412177e-02
   1.2412177e-02
   1.2412170e-02
   1.2412149e-02
   1.2412138e-02
   1.2412138e-02
   1.2412138e-02
   1.2412138e-02
   1.2412138e-02
   1.2412039e-02
   1.2412039e-02
   1.2411912e-02
   1.2411912e-02
   1.2411842e-02
   1.2411842e-02
   1.2411797e-02
   1.2411624e-02
   1.2411417e-02
   1.2411417e-02
   1.2411357e-02
   1.2411154e-02
   1.2411154e-02
   1.2411154e-02
   1.2411154e-02
   1.2411154e-02
   1.2411154e-02
   1.2411154e-02
   1.2411154e-02
   1.2411154e-02
   1.2411154e-02
   1.2411154e-02
   1.2411154e-02
   1.2411124e-02
   1.2411124e-02
   1.2411124e-02
   1.2411124e-02
   1.2411124e-02
   1.2411124e-02
   1.2411124e-02
   1.2411122e-02
   1.2411120e-02
   1.2411119e-02
   1.2411118e-02
   1.2411118e-02
   1.2411109e-02
   1.2411109e-02
   1.2411104e-02
   1.2411101e-02
   1.2411099e-02
   1.2411088e-02
   1.2411088e-02
   1.2411016e-02
   1.2411016e-02
   1.2411014e-02
   1.2411014e-02
   1.2411014e-02
   1.2411014e-02
   1.2411014e-02
   1.2411009e-02
   1.2411009e-02
   1.2411000e-02
   1.2411000e-02
   1.2411000e-02
   1.2411000e-02
   1.2411000e-02
   1.2411000e-02
   1.2410995e-02
   1.2410995e-02
   1.2410992e-02
   1.2410981e-02
   1.2410975e-02
   1.2410968e-02
   1.2410964e-02
   1.2410960e-02
   1.2410957e-02
   1.2410951e-02
   1.2410946e-02
   1.2410938e-02
   1.2410927e-02
   1.2410927e-02
   1.2410927e-02
   1.2410927e-02
   1.2410926e-02
   1.2410926e-02
   1.2410926e-02
   1.2410920e-02
   1.2410920e-02
   1.2410919e-02
   1.2410919e-02
   1.2410918e-02
   1.2410914e-02
   1.2410909e-02
   1.2410903e-02
   1.2410903e-02
   1.2410900e-02
   1.2410899e-02
   1.2410893e-02
   1.2410893e-02
   1.2410893e-02
   1.2410893e-02
   1.2410893e-02
   1.2410878e-02
   1.2410878e-02
   1.2410878e-02
   1.2410878e-02
   1.2410878e-02
   1.2410878e-02
   1.2410878e-02
   1.2410878e-02
   1.2410878e-02
   1.2410878e-02
   1.2410878e-02
   1.2410876e-02
   1.2410873e-02
   1.2410873e-02
   1.2410873e-02
   1.2410873e-02
   1.2410867e-02
   1.2410865e-02
   1.2410865e-02
   1.2410865e-02
   1.2410865e-02
   1.2410863e-02
   1.2410863e-02
   1.2410861e-02
   1.2410859e-02
   1.2410858e-02
   1.2410856e-02
   1.2410855e-02
   1.2410855e-02
   1.2410855e-02
   1.2410855e-02
   1.2410853e-02
   1.2410850e-02
   1.2410850e-02
   1.2410849e-02
   1.2410849e-02
   1.2410849e-02
   1.2410849e-02
   1.2410849e-02
   1.2410848e-02
   1.2410848e-02
   1.2410848e-02
   1.2410848e-02
   1.2410848e-02
   1.2410848e-02
   1.2410848e-02
   1.2410848e-02
   1.2410848e-02
   1.2410847e-02
   1.2410847e-02
   1.2410847e-02
   1.2410847e-02
   1.2410847e-02
   1.2410842e-02
   1.2410842e-02
   1.2410842e-02
   1.2410842e-02
   1.2410842e-02
   1.2410842e-02
   1.2410842e-02
   1.2410842e-02
   1.2410841e-02
   1.2410841e-02
   1.2410841e-02
   1.2410841e-02
   1.2410840e-02
   1.2410840e-02
   1.2410840e-02
   1.2410840e-02
   1.2410838e-02
   1.2410838e-02
   1.2410838e-02
   1.2410838e-02
   1.2410838e-02
   1.2410838e-02
   1.2410838e-02
   1.2410837e-02
   1.2410836e-02
   1.2410836e-02
   1.2410836e-02
   1.2410836e-02
   1.2410836e-02
   1.2410835e-02
   1.2410834e-02
   1.2410834e-02
   1.2410834e-02
   1.2410834e-02
   1.2410834e-02
   1.2410833e-02
   1.2410833e-02
   1.2410833e-02
   1.2410832e-02
   1.2410831e-02
   1.2410831e-02
   1.2410831e-02
   1.2410831e-02
   1.2410830e-02
   1.2410830e-02
   1.2410829e-02
   1.2410829e-02
   1.2410829e-02
   1.2410828e-02
   1.2410828e-02
   1.2410828e-02
   1.2410828e-02
   1.2410828e-02
   1.2410828e-02
   1.2410828e-02
   1.2410828e-02
   1.2410828e-02
   1.2410828e-02
   1.2410828e-02
   1.2410828e-02
   1.2410828e-02
   1.2410828e-02
   1.2410828e-02
   1.2410828e-02
   1.2410828e-02
   1.2410828e-02
   1.2410828e-02
   1.2410828e-02
   1.2410828e-02
   1.2410827e-02
   1.2410827e-02
   1.2410827e-02
   1.2410827e-02
   1.2410827e-02
   1.2410826e-02
   1.2410826e-02
   1.2410826e-02
   1.2410826e-02
   1.2410826e-02
   1.2410826e-02
   1.2410826e-02
   1.2410826e-02
   1.2410826e-02
   1.2410825e-02
   1.2410825e-02
   1.2410825e-02
   1.2410825e-02
   1.2410825e-02
   1.2410825e-02
   1.2410825e-02
   1.2410825e-02
   1.2410825e-02
   1.2410825e-02
   1.2410825e-02
   1.2410824e-02
   1.2410824e-02
   1.2410824e-02
   1.2410824e-02
   1.2410823e-02
   1.2410823e-02
   1.2410823e-02
   1.2410823e-02
   1.2410823e-02
   1.2410823e-02
   1.2410823e-02
   1.2410822e-02
   1.2410820e-02
   1.2410819e-02
   1.2410819e-02
   1.2410818e-02
   1.2410818e-02
   1.2410818e-02
   1.2410818e-02
   1.2410818e-02
   1.2410818e-02
   1.2410818e-02
   1.2410818e-02
   1.2410818e-02
   1.2410818e-02
   1.2410818e-02
   1.2410818e-02
   1.2410818e-02
   1.2410817e-02
   1.2410816e-02
   1.2410815e-02
   1.2410815e-02
   1.2410814e-02
   1.2410814e-02
   1.2410814e-02
   1.2410813e-02
   1.2410813e-02
   1.2410813e-02
   1.2410813e-02
   1.2410813e-02
   1.2410813e-02
   1.2410810e-02
   1.2410810e-02
   1.2410810e-02
   1.2410808e-02
   1.2410808e-02
   1.2410808e-02
   1.2410806e-02
   1.2410806e-02
   1.2410803e-02
   1.2410803e-02
   1.2410803e-02
   1.2410803e-02
   1.2410801e-02
   1.2410801e-02
   1.2410801e-02
   1.2410801e-02
   1.2410801e-02
   1.2410801e-02
   1.2410801e-02
   1.2410801e-02
   1.2410801e-02
   1.2410801e-02
   1.2410800e-02
   1.2410799e-02
   1.2410799e-02
   1.2410798e-02
   1.2410798e-02
   1.2410798e-02
   1.2410798e-02
   1.2410798e-02
   1.2410798e-02
   1.2410798e-02
   1.2410798e-02
   1.2410798e-02
   1.2410797e-02
   1.2410797e-02
   1.2410797e-02
   1.2410797e-02
   1.2410797e-02
   1.2410797e-02
   1.2410795e-02
