   1.1420069e-04
   1.1420069e-04
   1.1873212e-04
   1.3100187e-04
   1.4264661e-04
   1.5593929e-04
   1.5812051e-04
   1.6360342e-04
   1.6360342e-04
   1.6841156e-04
   1.8090243e-04
   2.0101514e-04
   2.0311630e-04
   2.2265670e-04
   2.4433445e-04
   2.4433445e-04
   2.5548644e-04
   2.7671081e-04
   2.9568868e-04
   3.3451536e-04
   3.3451536e-04
   3.3451536e-04
   3.4640038e-04
   3.6140173e-04
   3.7104285e-04
   4.0145112e-04
   4.2273278e-04
   4.4144391e-04
   4.7020393e-04
   5.1455040e-04
   5.1455040e-04
   5.4992147e-04
   5.7054128e-04
   5.7054128e-04
   6.2963751e-04
   6.2963751e-04
   6.2963751e-04
   6.2963751e-04
   6.4110334e-04
   6.5427045e-04
   6.7526391e-04
   6.8377443e-04
   7.6861020e-04
   7.6861020e-04
   7.6861020e-04
   8.2467630e-04
   8.2467630e-04
   8.2467630e-04
   9.3846398e-04
   9.3846398e-04
   9.3846398e-04
   9.3846398e-04
   9.3846398e-04
   9.5183061e-04
   9.5183061e-04
   9.5183061e-04
   9.5183061e-04
   9.9160093e-04
   9.9160093e-04
   1.0182328e-03
   1.0182328e-03
   1.0182328e-03
   1.0182328e-03
   1.1271899e-03
   1.1939226e-03
   1.2038488e-03
   1.2038488e-03
   1.2038488e-03
   1.3705850e-03
   1.7378869e-03
   1.7378869e-03
   1.7378869e-03
   1.7378869e-03
   1.7875770e-03
   1.9415650e-03
   1.9415650e-03
   1.9415650e-03
   1.9415650e-03
   1.9415650e-03
   1.9845917e-03
   1.9845917e-03
   1.9845917e-03
   2.1328487e-03
   2.2132967e-03
   2.2132967e-03
   2.2132967e-03
   2.2132967e-03
   2.5025706e-03
   2.5025706e-03
   2.5025706e-03
   2.5025706e-03
   2.5025706e-03
   2.6198639e-03
   3.0803685e-03
   3.0803685e-03
   3.0803685e-03
   3.2651914e-03
   3.2651914e-03
   3.2651914e-03
   3.3255042e-03
   3.3255042e-03
   3.3255042e-03
   3.3255042e-03
   3.7826268e-03
   3.7826268e-03
   4.0420078e-03
   4.0420078e-03
   4.0420078e-03
   4.0420078e-03
   4.0420078e-03
   4.0420078e-03
   4.0420078e-03
   4.0420078e-03
   4.0420078e-03
   4.3454017e-03
   4.4990016e-03
   4.4990016e-03
   4.4990016e-03
   4.4990016e-03
   5.0923995e-03
   5.8751843e-03
   5.8751843e-03
   5.8751843e-03
   5.8751843e-03
   6.3600085e-03
   6.3600085e-03
   6.3600085e-03
   6.4715595e-03
   6.5861528e-03
   6.5861528e-03
   6.5861528e-03
   6.6403064e-03
   6.6403064e-03
   8.0691765e-03
   8.0691765e-03
   8.0691765e-03
   8.0691765e-03
   8.0691765e-03
   8.5669204e-03
   8.5669204e-03
   8.5669204e-03
   8.5669204e-03
   9.1027740e-03
   9.1027740e-03
   9.1027740e-03
   9.1027740e-03
   9.1027740e-03
   1.1698393e-02
   1.1698393e-02
   1.2633800e-02
   1.2633800e-02
   1.2633800e-02
   1.2633800e-02
   1.4305765e-02
   1.4305765e-02
   1.4305765e-02
   1.4305765e-02
   1.4994136e-02
   1.4994136e-02
   1.4994136e-02
   1.5485010e-02
   1.6116907e-02
   1.6116907e-02
   1.6201602e-02
   1.6201602e-02
   1.6201602e-02
   1.6669213e-02
   1.6669213e-02
   1.7268758e-02
   1.7268758e-02
   1.7268758e-02
   1.8506811e-02
   1.8722351e-02
   1.8722351e-02
   1.8722351e-02
   1.9407606e-02
   1.9407606e-02
   1.9407606e-02
   1.9407606e-02
   1.9407606e-02
   1.9407606e-02
   1.9666294e-02
   1.9666294e-02
   1.9972980e-02
   2.0684400e-02
   2.2187673e-02
   2.2187673e-02
   2.2187673e-02
   2.2187673e-02
   2.2187673e-02
   2.2282786e-02
   3.0375148e-02
   3.0375148e-02
   3.0838588e-02
   3.0838588e-02
   3.0838588e-02
   3.1754671e-02
   3.1754671e-02
   3.1754671e-02
   3.4108356e-02
   3.5116493e-02
   4.5461354e-02
   4.5461354e-02
   4.5461354e-02
   4.5461354e-02
   4.5461354e-02
   4.7891929e-02
   4.7891929e-02
   4.7891929e-02
   4.8913010e-02
   4.8913010e-02
   4.8913010e-02
   4.8913010e-02
   4.8913010e-02
   4.8932728e-02
   5.2226832e-02
   5.6341330e-02
   5.6781613e-02
   5.6781613e-02
   5.8068021e-02
   6.4609636e-02
   6.4609636e-02
   6.7191396e-02
   6.7191396e-02
   7.2609573e-02
   7.6731179e-02
   7.6731179e-02
   7.6731179e-02
   7.6731179e-02
   7.7810547e-02
   7.7810547e-02
   7.9101705e-02
   7.9101705e-02
   8.2357431e-02
   8.3467503e-02
   8.6201103e-02
   8.6444529e-02
   9.2555170e-02
   9.8497976e-02
   9.8497976e-02
   1.0335044e-01
   1.0951411e-01
   1.0951411e-01
   1.0951411e-01
   1.0951411e-01
   1.1343939e-01
   1.1343939e-01
   1.1343939e-01
   1.1815935e-01
   1.2149116e-01
   1.2149116e-01
   1.2389792e-01
   1.2389792e-01
   1.2389792e-01
   1.2389792e-01
   1.2389792e-01
   1.2563829e-01
   1.2563829e-01
   1.3701560e-01
   1.3701560e-01
   1.3701560e-01
   1.3701560e-01
   1.3701560e-01
   1.3701560e-01
   1.3701560e-01
   1.4499783e-01
   1.4499783e-01
   1.4624072e-01
   1.4624072e-01
   1.4624072e-01
   1.4849677e-01
   1.5206448e-01
   1.5206448e-01
   1.5206448e-01
   1.5489003e-01
   1.6851910e-01
   1.7822942e-01
   1.7822942e-01
   1.7822942e-01
   1.7822942e-01
   1.7822942e-01
   1.7838013e-01
   1.7941005e-01
   1.8292516e-01
   1.8292516e-01
   1.8292516e-01
   1.8292516e-01
   1.8292516e-01
   1.8292516e-01
   1.8292516e-01
   1.8292516e-01
   1.8292516e-01
   1.8292516e-01
   1.8568260e-01
   1.8764463e-01
   1.9426630e-01
   1.9505748e-01
   2.0582250e-01
   2.0738021e-01
   2.0738021e-01
   2.2237207e-01
   2.2237207e-01
   2.2237207e-01
   2.2237207e-01
   2.2825480e-01
   2.3580454e-01
   2.3580454e-01
   2.3580454e-01
   2.3580454e-01
   2.3664319e-01
   2.3664319e-01
   2.5350551e-01
   2.6432779e-01
   2.7842587e-01
   2.7842587e-01
   2.7842587e-01
   2.7842587e-01
   2.9526681e-01
   2.9526681e-01
   2.9526681e-01
   2.9690445e-01
   3.2830691e-01
   3.2830691e-01
   3.2830691e-01
   3.2830691e-01
   3.2830691e-01
   3.4200044e-01
   3.4200044e-01
   3.4200044e-01
   3.4200044e-01
   3.4200044e-01
   3.9840972e-01
   3.9840972e-01
   3.9840972e-01
   3.9840972e-01
   3.9840972e-01
   3.9840972e-01
   4.1026040e-01
   4.1026040e-01
   4.1026040e-01
   4.1026040e-01
   4.1026040e-01
   4.1026040e-01
   4.1026040e-01
   4.1026040e-01
   4.1026040e-01
   4.1026040e-01
   4.1428110e-01
   4.1428110e-01
   4.2930843e-01
   4.2930843e-01
   4.2930843e-01
   4.2930843e-01
   4.2930843e-01
   4.5260415e-01
   4.8954295e-01
   4.8954295e-01
   5.0079724e-01
   5.0079724e-01
   5.0079724e-01
   5.0950814e-01
   5.0950814e-01
   5.1005785e-01
   5.1005785e-01
   5.1005785e-01
   5.1249532e-01
   5.1249532e-01
   5.1370416e-01
   5.1370416e-01
   5.1370416e-01
   5.1549469e-01
   5.2008933e-01
   5.2008933e-01
   5.2008933e-01
   5.2008933e-01
   5.2008933e-01
   5.2008933e-01
   5.2392024e-01
   5.3053859e-01
   5.3983924e-01
   5.4557782e-01
   5.4907991e-01
   5.6299501e-01
   5.6299501e-01
   5.6496563e-01
   5.6496563e-01
   5.6496563e-01
   5.6496563e-01
   5.7038290e-01
   5.7038290e-01
   5.7038290e-01
   5.7038290e-01
   5.7038290e-01
   5.7038290e-01
   5.7038290e-01
   5.8366325e-01
   5.9204896e-01
   5.9204896e-01
   6.0504885e-01
   6.1335043e-01
   6.1335043e-01
   6.1335043e-01
   6.1335043e-01
   6.1335043e-01
   6.1335043e-01
   6.1335043e-01
   6.1335043e-01
   6.1335043e-01
   6.1335043e-01
   6.1335043e-01
   6.1335043e-01
   6.1335043e-01
   6.1335043e-01
   6.9342512e-01
   6.9342512e-01
   6.9342512e-01
   6.9342512e-01
   6.9342512e-01
   6.9342512e-01
   6.9342512e-01
   6.9342512e-01
   6.9342512e-01
   6.9342512e-01
   6.9342512e-01
   6.9342512e-01
   7.0043082e-01
   7.1211040e-01
   7.1211040e-01
   7.1211040e-01
   7.1888078e-01
   7.1888078e-01
   7.1888078e-01
   7.1888078e-01
   7.1888078e-01
   7.2424540e-01
   7.2424540e-01
   7.2424540e-01
   7.2424540e-01
   7.2424540e-01
   7.2424540e-01
   7.2430429e-01
   7.2432112e-01
   7.2433123e-01
   7.2433729e-01
   7.2434093e-01
   7.2434311e-01
   7.2434442e-01
   7.2434520e-01
   7.3565950e-01
   7.3565950e-01
   7.3565950e-01
   7.6002544e-01
   7.6002544e-01
   7.6002544e-01
   7.6002544e-01
   7.6002544e-01
   7.6002544e-01
   7.6002544e-01
   7.6002544e-01
   7.6002544e-01
   7.8229479e-01
   7.8229479e-01
   7.8229479e-01
   7.8229479e-01
   7.8229479e-01
   7.8229479e-01
   7.8229479e-01
   7.8229479e-01
   7.8758221e-01
   7.9218570e-01
   7.9218570e-01
   7.9218570e-01
   7.9357100e-01
   7.9357100e-01
   7.9357100e-01
   7.9357100e-01
   7.9357100e-01
   7.9357100e-01
   7.9357100e-01
   7.9357100e-01
   7.9357100e-01
   7.9357100e-01
   7.9397018e-01
   7.9397018e-01
   7.9397018e-01
   7.9397018e-01
   7.9883907e-01
   8.0264265e-01
   8.0776033e-01
   8.1361225e-01
   8.1361225e-01
   8.1361225e-01
   8.1361225e-01
   8.1543138e-01
   8.1543138e-01
   8.2131158e-01
   8.2131158e-01
   8.2131158e-01
   8.2339649e-01
   8.3645789e-01
   8.3645789e-01
   8.3645789e-01
   8.3645789e-01
   8.3645789e-01
   8.3645789e-01
   8.3645789e-01
   8.3645789e-01
   8.3645789e-01
   8.4672070e-01
   8.4672070e-01
   8.4672070e-01
   8.4672070e-01
   8.4672070e-01
   8.4672070e-01
   8.4672070e-01
   8.4672070e-01
   8.4672070e-01
   8.4672070e-01
   8.4672070e-01
   8.5451134e-01
   8.5548623e-01
   8.5548623e-01
   8.5556538e-01
   8.5556538e-01
   8.5556538e-01
   8.5566015e-01
   8.5838170e-01
   8.5838170e-01
   8.5838170e-01
   8.5838170e-01
   8.5838170e-01
   8.5882251e-01
   8.5882251e-01
   8.5882251e-01
   8.6035817e-01
   8.6035817e-01
   8.6035817e-01
   8.6126672e-01
   8.6126672e-01
   8.6126672e-01
   8.6126672e-01
   8.6126672e-01
   8.6126672e-01
   8.6127156e-01
   8.6127156e-01
   8.6139609e-01
   8.6210048e-01
   8.7018210e-01
   8.7018210e-01
   8.7018210e-01
   8.7018210e-01
   8.7399602e-01
   8.7638420e-01
   8.7782338e-01
   8.7782338e-01
   8.7782338e-01
   8.7782389e-01
   8.7856525e-01
   8.7901067e-01
   8.7927814e-01
   8.7943870e-01
   8.7953507e-01
   8.7984511e-01
   8.8180912e-01
   8.8180912e-01
   8.8180912e-01
   8.8225907e-01
   8.8225907e-01
   8.8225907e-01
   8.8327108e-01
   8.8414108e-01
   8.8466390e-01
   8.8497789e-01
   8.8516640e-01
   8.8797317e-01
   8.8797317e-01
   8.8797317e-01
   8.8797317e-01
   8.8797317e-01
   8.8833236e-01
   8.8833236e-01
   8.8864484e-01
   8.8864484e-01
   8.8864484e-01
   8.8918785e-01
   8.8938297e-01
   8.8981681e-01
   8.9007732e-01
   8.9023370e-01
   8.9032755e-01
   8.9038388e-01
   8.9041767e-01
   8.9043795e-01
   8.9045012e-01
   8.9111367e-01
   8.9111367e-01
   8.9127555e-01
   8.9183140e-01
   8.9222962e-01
   8.9253534e-01
   8.9306603e-01
   8.9306603e-01
   8.9624438e-01
   8.9624438e-01
   8.9729097e-01
   8.9729097e-01
   9.1265002e-01
   9.1265002e-01
   9.1265002e-01
   9.1265002e-01
   9.2290310e-01
   9.2290310e-01
   9.2290310e-01
   9.2290310e-01
   9.2290310e-01
   9.2290310e-01
   9.2290310e-01
   9.2290310e-01
   9.2290310e-01
   9.2290310e-01
   9.2290310e-01
   9.2290310e-01
   9.2290310e-01
   9.2290310e-01
   9.2290310e-01
   9.2290310e-01
   9.2290310e-01
   9.2290310e-01
   9.2290310e-01
   9.2290310e-01
   9.2442543e-01
   9.2594297e-01
   9.2685589e-01
   9.2740451e-01
   9.2773399e-01
   9.2793180e-01
   9.2805052e-01
   9.2812176e-01
   9.2816452e-01
   9.3286644e-01
   9.3286644e-01
   9.3286644e-01
   9.3286644e-01
   9.3286644e-01
   9.3286644e-01
   9.3286644e-01
   9.3286644e-01
   9.3286644e-01
   9.3286644e-01
   9.3286644e-01
   9.3286644e-01
   9.3401311e-01
   9.3633667e-01
   9.3856953e-01
   9.3856953e-01
   9.3856953e-01
   9.4110873e-01
   9.4110873e-01
   9.4110873e-01
   9.4110873e-01
   9.4110873e-01
   9.4110873e-01
   9.4110873e-01
   9.4159164e-01
   9.4219422e-01
   9.4219422e-01
   9.4253116e-01
   9.4253116e-01
   9.4253116e-01
   9.4253116e-01
   9.4302921e-01
   9.4470899e-01
   9.4470899e-01
   9.4470899e-01
   9.4470899e-01
   9.4470899e-01
   9.4470899e-01
   9.4470899e-01
   9.4470899e-01
   9.4641484e-01
   9.5001888e-01
   9.5001888e-01
   9.5001888e-01
   9.5001888e-01
   9.5001888e-01
   9.5197027e-01
   9.5197027e-01
   9.5197027e-01
   9.5197027e-01
   9.5197027e-01
   9.5197027e-01
   9.5197027e-01
   9.5197027e-01
   9.5197027e-01
   9.5197027e-01
   9.5197027e-01
   9.5197027e-01
   9.5197027e-01
   9.5197027e-01
   9.5205935e-01
   9.5205935e-01
   9.6169157e-01
   9.6169157e-01
   9.6243283e-01
   9.6243283e-01
   9.6442668e-01
   9.6647931e-01
   9.6771508e-01
   9.6771508e-01
   9.6771508e-01
   9.6771508e-01
   9.6771508e-01
   9.6771508e-01
   9.6977082e-01
   9.6977082e-01
   9.6977082e-01
   9.7348640e-01
   9.7348640e-01
   9.7348640e-01
   9.7348640e-01
   9.7348640e-01
   9.7348640e-01
   9.7348640e-01
   9.7348640e-01
   9.7348640e-01
   9.7348640e-01
   9.7475663e-01
   9.7475663e-01
   9.7475663e-01
   9.7483186e-01
   9.7483186e-01
   9.7483186e-01
   9.7483186e-01
   9.7606146e-01
   9.7606146e-01
   9.7606146e-01
   9.7671032e-01
   9.7671032e-01
   9.7730934e-01
   9.7807726e-01
   9.7846357e-01
   9.7885931e-01
   9.7888606e-01
   9.7890212e-01
   9.7891175e-01
   9.7943331e-01
   9.7943331e-01
   9.7962050e-01
   9.7962050e-01
   9.7984928e-01
   9.7984928e-01
   9.8005004e-01
   9.8005004e-01
   9.8005004e-01
   9.8021929e-01
   9.8033338e-01
   9.8033338e-01
   9.8033338e-01
   9.8033338e-01
   9.8033338e-01
   9.8033648e-01
   9.8036344e-01
   9.8036344e-01
   9.8036344e-01
   9.8036344e-01
   9.8038826e-01
   9.8038826e-01
   9.8038984e-01
   9.8059622e-01
   9.8110907e-01
   9.8157708e-01
   9.8157708e-01
   9.8190870e-01
   9.8190870e-01
   9.8191397e-01
   9.8196666e-01
   9.8196666e-01
   9.8218034e-01
   9.8313368e-01
   9.8383463e-01
   9.8425567e-01
   9.8450847e-01
   9.8450847e-01
   9.8454757e-01
   9.8454757e-01
   9.8455103e-01
   9.8497077e-01
   9.8526128e-01
   9.8526128e-01
   9.8546982e-01
   9.8549032e-01
   9.8550262e-01
   9.8551000e-01
   9.8551442e-01
   9.8593650e-01
   9.8631072e-01
   9.8631072e-01
   9.8643597e-01
   9.8643597e-01
   9.8643597e-01
   9.8643597e-01
   9.8643597e-01
   9.8643597e-01
   9.8673493e-01
   9.8673493e-01
   9.8673493e-01
   9.8673493e-01
   9.8673493e-01
   9.8673493e-01
   9.8673493e-01
   9.8673493e-01
   9.8708062e-01
   9.8708062e-01
   9.8708062e-01
   9.8708062e-01
   9.8708062e-01
   9.8708062e-01
   9.8708062e-01
   9.8708199e-01
   9.8715024e-01
   9.8723602e-01
   9.8744719e-01
   9.8764172e-01
   9.8776957e-01
   9.8788429e-01
   9.8801189e-01
   9.8801189e-01
   9.8805193e-01
   9.8805193e-01
   9.8805193e-01
   9.8805193e-01
   9.8812469e-01
   9.8833009e-01
   9.8862678e-01
   9.8862678e-01
   9.8862678e-01
   9.8884119e-01
   9.8907169e-01
   9.8907169e-01
   9.8930110e-01
   9.8930110e-01
   9.8935119e-01
   9.8950152e-01
   9.8964618e-01
   9.8981822e-01
   9.8992160e-01
   9.8998363e-01
   9.9007715e-01
   9.9007715e-01
   9.9024701e-01
   9.9024701e-01
   9.9045348e-01
   9.9045348e-01
   9.9045348e-01
   9.9045348e-01
   9.9045348e-01
   9.9078946e-01
   9.9078946e-01
   9.9087551e-01
   9.9087551e-01
   9.9111789e-01
   9.9111789e-01
   9.9111789e-01
   9.9139493e-01
   9.9139493e-01
   9.9139493e-01
   9.9139493e-01
   9.9139493e-01
   9.9139493e-01
   9.9139493e-01
   9.9139493e-01
   9.9139493e-01
   9.9173129e-01
   9.9185174e-01
   9.9185174e-01
   9.9185174e-01
   9.9185174e-01
   9.9196329e-01
   9.9196329e-01
   9.9196329e-01
   9.9196329e-01
   9.9196329e-01
   9.9203878e-01
   9.9203878e-01
   9.9203878e-01
   9.9203878e-01
   9.9208696e-01
   9.9217401e-01
   9.9217401e-01
   9.9217622e-01
   9.9217622e-01
   9.9217622e-01
   9.9217622e-01
   9.9286843e-01
   9.9286843e-01
   9.9301847e-01
   9.9301847e-01
   9.9301847e-01
   9.9301847e-01
   9.9301847e-01
   9.9301847e-01
   9.9301847e-01
   9.9301847e-01
   9.9328987e-01
   9.9337382e-01
   9.9337382e-01
   9.9339438e-01
   9.9339438e-01
   9.9339438e-01
   9.9339438e-01
   9.9339438e-01
   9.9339438e-01
   9.9341713e-01
   9.9363043e-01
   9.9363043e-01
   9.9363043e-01
   9.9363043e-01
   9.9363043e-01
   9.9363043e-01
   9.9363043e-01
   9.9379913e-01
   9.9393309e-01
   9.9393309e-01
   9.9393309e-01
   9.9393309e-01
   9.9393309e-01
   9.9393309e-01
   9.9393309e-01
   9.9393309e-01
   9.9407114e-01
   9.9407114e-01
   9.9407114e-01
   9.9411959e-01
   9.9411959e-01
   9.9411959e-01
   9.9411959e-01
   9.9411959e-01
   9.9411959e-01
   9.9411959e-01
   9.9411959e-01
   9.9411959e-01
   9.9411959e-01
   9.9411959e-01
   9.9411959e-01
   9.9412003e-01
   9.9412003e-01
   9.9412003e-01
   9.9412003e-01
   9.9412003e-01
   9.9412243e-01
   9.9412243e-01
   9.9412243e-01
   9.9413365e-01
   9.9413365e-01
   9.9414258e-01
   9.9415024e-01
   9.9415483e-01
   9.9416578e-01
   9.9420563e-01
   9.9425019e-01
   9.9425019e-01
   9.9425926e-01
   9.9427082e-01
   9.9427082e-01
   9.9428247e-01
   9.9429402e-01
   9.9429402e-01
   9.9429402e-01
   9.9433795e-01
   9.9437068e-01
   9.9437068e-01
   9.9438766e-01
   9.9444351e-01
   9.9444351e-01
   9.9447447e-01
   9.9450841e-01
   9.9450841e-01
   9.9476031e-01
   9.9476801e-01
   9.9528283e-01
   9.9528283e-01
   9.9542105e-01
   9.9546795e-01
   9.9588676e-01
   9.9652730e-01
   9.9652730e-01
   9.9652730e-01
   9.9712808e-01
   9.9842752e-01
   9.9899729e-01
   9.9899729e-01
   9.9899729e-01
   9.9899729e-01
   9.9899729e-01
   9.9899729e-01
   9.9899729e-01
   9.9899729e-01
   9.9917783e-01
   9.9917783e-01
   9.9917783e-01
   9.9917783e-01
   9.9917783e-01
   9.9917783e-01
   9.9917783e-01
   9.9917783e-01
   9.9917783e-01
   9.9917783e-01
   9.9917783e-01
   9.9917783e-01
   9.9917783e-01
   9.9917783e-01
   9.9917783e-01
   9.9917783e-01
   9.9917783e-01
   9.9917783e-01
   9.9918562e-01
   9.9918562e-01
   9.9918952e-01
   9.9918952e-01
   9.9919784e-01
   9.9919784e-01
   9.9919784e-01
   9.9919784e-01
   9.9920893e-01
   9.9922444e-01
   9.9922444e-01
   9.9922444e-01
   9.9922444e-01
   9.9922444e-01
   9.9922444e-01
   9.9923372e-01
   9.9923372e-01
   9.9923372e-01
   9.9927789e-01
   9.9927789e-01
   9.9927789e-01
   9.9927789e-01
   9.9927789e-01
   9.9927789e-01
   9.9927789e-01
   9.9927789e-01
   9.9927789e-01
   9.9927789e-01
   9.9927789e-01
   9.9927789e-01
   9.9927789e-01
   9.9927789e-01
   9.9927789e-01
   9.9927789e-01
   9.9927789e-01
   9.9928374e-01
   9.9928374e-01
   9.9928374e-01
   9.9929756e-01
   9.9937593e-01
   9.9937593e-01
   9.9939726e-01
   9.9939726e-01
   9.9942026e-01
   9.9943797e-01
   9.9944859e-01
   9.9944859e-01
   9.9944924e-01
   9.9944924e-01
   9.9944924e-01
   9.9944924e-01
   9.9945105e-01
   9.9945105e-01
   9.9945105e-01
   9.9945161e-01
   9.9946382e-01
   9.9949764e-01
   9.9952845e-01
   9.9955052e-01
   9.9956377e-01
   9.9956377e-01
   9.9956377e-01
   9.9956377e-01
   9.9956458e-01
   9.9956884e-01
   9.9957139e-01
   9.9958079e-01
   9.9958079e-01
   9.9958079e-01
   9.9958167e-01
   9.9958744e-01
   9.9959518e-01
   9.9959518e-01
   9.9959518e-01
   9.9959518e-01
   9.9959518e-01
   9.9959518e-01
   9.9959518e-01
   9.9959518e-01
   9.9959518e-01
   9.9959518e-01
   9.9959518e-01
   9.9959567e-01
   9.9959623e-01
   9.9959656e-01
   9.9959677e-01
   9.9959689e-01
   9.9959696e-01
   9.9959700e-01
   9.9960068e-01
   9.9960068e-01
   9.9960194e-01
   9.9960194e-01
   9.9960194e-01
   9.9960409e-01
   9.9960732e-01
   9.9960732e-01
   9.9961402e-01
   9.9961927e-01
   9.9962436e-01
   9.9962652e-01
   9.9962899e-01
   9.9963986e-01
   9.9963986e-01
   9.9963986e-01
   9.9964345e-01
   9.9964838e-01
   9.9965592e-01
   9.9965592e-01
   9.9966156e-01
   9.9967147e-01
   9.9967147e-01
   9.9967147e-01
   9.9967147e-01
   9.9967611e-01
   9.9967611e-01
   9.9967781e-01
   9.9967781e-01
   9.9967797e-01
   9.9968013e-01
   9.9968013e-01
   9.9968268e-01
   9.9968268e-01
   9.9968268e-01
   9.9968268e-01
   9.9968268e-01
   9.9968448e-01
   9.9968448e-01
   9.9968608e-01
   9.9968608e-01
   9.9968608e-01
   9.9968608e-01
   9.9968608e-01
   9.9968608e-01
   9.9968608e-01
   9.9968638e-01
   9.9968638e-01
   9.9968638e-01
   9.9968638e-01
   9.9968638e-01
   9.9968667e-01
   9.9968667e-01
   9.9968670e-01
   9.9968670e-01
   9.9968792e-01
   9.9968811e-01
   9.9968899e-01
   9.9969011e-01
   9.9969366e-01
   9.9969372e-01
   9.9969641e-01
   9.9969803e-01
   9.9969803e-01
   9.9969803e-01
   9.9969803e-01
   9.9969803e-01
   9.9970141e-01
   9.9970141e-01
   9.9970141e-01
   9.9970141e-01
   9.9970141e-01
   9.9970141e-01
   9.9970141e-01
   9.9970141e-01
   9.9970141e-01
   9.9970141e-01
   9.9970236e-01
   9.9970267e-01
   9.9970267e-01
   9.9970267e-01
   9.9970267e-01
   9.9970267e-01
   9.9970267e-01
   9.9970267e-01
   9.9970267e-01
   9.9970267e-01
   9.9970267e-01
   9.9970267e-01
   9.9970267e-01
   9.9970267e-01
   9.9970267e-01
   9.9970267e-01
   9.9970267e-01
   9.9970289e-01
   9.9970315e-01
   9.9970331e-01
   9.9970397e-01
   9.9970397e-01
   9.9970397e-01
   9.9970397e-01
   9.9970441e-01
   9.9970441e-01
   9.9970441e-01
   9.9970456e-01
   9.9970479e-01
   9.9970505e-01
   9.9970505e-01
   9.9970505e-01
   9.9970505e-01
   9.9970738e-01
   9.9970978e-01
   9.9971417e-01
   9.9972212e-01
   9.9972859e-01
   9.9973606e-01
   9.9974757e-01
   9.9974917e-01
   9.9974917e-01
   9.9974917e-01
   9.9975282e-01
   9.9975926e-01
   9.9975926e-01
   9.9976190e-01
   9.9976190e-01
   9.9976364e-01
   9.9976364e-01
   9.9976364e-01
   9.9976364e-01
   9.9976400e-01
   9.9976400e-01
   9.9976400e-01
   9.9976400e-01
   9.9976400e-01
   9.9976400e-01
   9.9976400e-01
   9.9976400e-01
   9.9976404e-01
   9.9976444e-01
   9.9976468e-01
   9.9976468e-01
   9.9976468e-01
   9.9976473e-01
   9.9976479e-01
   9.9976483e-01
   9.9976486e-01
   9.9976487e-01
   9.9976488e-01
   9.9976501e-01
   9.9976783e-01
   9.9976783e-01
   9.9977084e-01
   9.9977785e-01
   9.9978862e-01
   9.9978862e-01
   9.9979298e-01
   9.9979298e-01
   9.9979298e-01
   9.9979612e-01
   9.9979612e-01
   9.9979693e-01
   9.9979693e-01
   9.9980137e-01
   9.9980881e-01
   9.9980881e-01
   9.9980894e-01
   9.9980894e-01
   9.9981048e-01
   9.9981549e-01
   9.9981549e-01
   9.9981717e-01
   9.9981717e-01
   9.9981717e-01
   9.9981717e-01
   9.9981823e-01
   9.9981823e-01
   9.9981823e-01
   9.9981823e-01
   9.9981823e-01
   9.9982522e-01
   9.9982522e-01
   9.9982522e-01
   9.9982522e-01
   9.9982522e-01
   9.9982533e-01
   9.9982533e-01
   9.9982533e-01
   9.9982533e-01
   9.9982533e-01
   9.9982533e-01
   9.9982693e-01
   9.9982693e-01
   9.9982693e-01
   9.9982693e-01
   9.9982693e-01
   9.9982693e-01
   9.9982693e-01
   9.9982693e-01
   9.9982693e-01
   9.9982693e-01
   9.9982693e-01
   9.9982693e-01
   9.9982783e-01
   9.9983167e-01
   9.9983167e-01
   9.9983167e-01
   9.9983167e-01
   9.9983167e-01
   9.9983167e-01
   9.9983167e-01
   9.9983167e-01
   9.9983167e-01
   9.9983167e-01
   9.9983188e-01
   9.9983188e-01
   9.9983188e-01
   9.9983242e-01
   9.9983397e-01
   9.9983397e-01
   9.9983397e-01
   9.9983397e-01
   9.9983397e-01
   9.9983502e-01
   9.9983502e-01
   9.9983506e-01
   9.9983506e-01
   9.9983655e-01
   9.9983655e-01
   9.9983655e-01
   9.9983655e-01
   9.9983655e-01
   9.9983655e-01
   9.9983655e-01
   9.9983655e-01
   9.9983655e-01
   9.9983655e-01
   9.9983656e-01
   9.9983656e-01
   9.9983656e-01
   9.9983719e-01
   9.9983719e-01
   9.9983719e-01
   9.9983747e-01
   9.9983747e-01
   9.9983747e-01
   9.9983747e-01
   9.9983747e-01
   9.9983803e-01
   9.9983855e-01
   9.9983855e-01
   9.9983917e-01
   9.9984047e-01
   9.9984126e-01
   9.9984126e-01
   9.9984162e-01
   9.9984162e-01
   9.9984220e-01
   9.9984220e-01
   9.9984220e-01
   9.9984220e-01
   9.9984220e-01
   9.9984238e-01
   9.9984284e-01
   9.9984284e-01
   9.9984284e-01
   9.9984284e-01
   9.9984284e-01
   9.9984284e-01
   9.9984284e-01
   9.9984284e-01
   9.9984284e-01
   9.9984292e-01
   9.9984292e-01
   9.9984321e-01
   9.9984372e-01
   9.9984402e-01
   9.9984402e-01
   9.9984402e-01
   9.9984402e-01
   9.9984406e-01
   9.9984406e-01
   9.9984406e-01
   9.9984406e-01
   9.9984412e-01
   9.9984417e-01
   9.9984417e-01
   9.9984417e-01
   9.9984417e-01
   9.9984418e-01
   9.9984419e-01
   9.9984419e-01
   9.9984431e-01
   9.9984431e-01
   9.9984434e-01
   9.9984434e-01
   9.9984434e-01
   9.9984434e-01
   9.9984434e-01
   9.9984434e-01
   9.9984434e-01
   9.9984437e-01
   9.9984440e-01
   9.9984442e-01
   9.9984443e-01
   9.9984446e-01
   9.9984447e-01
   9.9984447e-01
   9.9984451e-01
   9.9984452e-01
   9.9984493e-01
   9.9984871e-01
   9.9984871e-01
   9.9984871e-01
   9.9984871e-01
   9.9985071e-01
   9.9985071e-01
   9.9985167e-01
   9.9985533e-01
   9.9985702e-01
   9.9985702e-01
   9.9985732e-01
   9.9985732e-01
   9.9985732e-01
   9.9985732e-01
   9.9986341e-01
   9.9986341e-01
   9.9986506e-01
   9.9986745e-01
   9.9986745e-01
   9.9986745e-01
   9.9986826e-01
   9.9987035e-01
   9.9987073e-01
   9.9987168e-01
   9.9987168e-01
   9.9987229e-01
   9.9987229e-01
   9.9987229e-01
   9.9987229e-01
   9.9987229e-01
   9.9987232e-01
   9.9987246e-01
   9.9987304e-01
   9.9987339e-01
   9.9987360e-01
   9.9987360e-01
   9.9987365e-01
   9.9987393e-01
   9.9987430e-01
   9.9987454e-01
   9.9987505e-01
   9.9987537e-01
   9.9987555e-01
   9.9987664e-01
   9.9987923e-01
   9.9988183e-01
   9.9988183e-01
   9.9988183e-01
   9.9988183e-01
   9.9988275e-01
   9.9988330e-01
   9.9988330e-01
   9.9988582e-01
   9.9988582e-01
   9.9988582e-01
   9.9988582e-01
   9.9988582e-01
   9.9988582e-01
   9.9988636e-01
   9.9988811e-01
   9.9988895e-01
   9.9988895e-01
   9.9988895e-01
   9.9988895e-01
   9.9988895e-01
   9.9989694e-01
   9.9989694e-01
   9.9990715e-01
   9.9990715e-01
   9.9991278e-01
   9.9991278e-01
   9.9991642e-01
   9.9993036e-01
   9.9994708e-01
   9.9994708e-01
   9.9995184e-01
   9.9996825e-01
   9.9996825e-01
   9.9996825e-01
   9.9996825e-01
   9.9996825e-01
   9.9996825e-01
   9.9996825e-01
   9.9996825e-01
   9.9996825e-01
   9.9996825e-01
   9.9996825e-01
   9.9996825e-01
   9.9997064e-01
   9.9997064e-01
   9.9997064e-01
   9.9997064e-01
   9.9997064e-01
   9.9997064e-01
   9.9997064e-01
   9.9997081e-01
   9.9997096e-01
   9.9997106e-01
   9.9997111e-01
   9.9997115e-01
   9.9997186e-01
   9.9997186e-01
   9.9997225e-01
   9.9997253e-01
   9.9997270e-01
   9.9997351e-01
   9.9997351e-01
   9.9997935e-01
   9.9997935e-01
   9.9997954e-01
   9.9997954e-01
   9.9997954e-01
   9.9997954e-01
   9.9997954e-01
   9.9997989e-01
   9.9997989e-01
   9.9998065e-01
   9.9998065e-01
   9.9998065e-01
   9.9998065e-01
   9.9998065e-01
   9.9998065e-01
   9.9998107e-01
   9.9998107e-01
   9.9998132e-01
   9.9998214e-01
   9.9998263e-01
   9.9998321e-01
   9.9998353e-01
   9.9998389e-01
   9.9998410e-01
   9.9998457e-01
   9.9998502e-01
   9.9998565e-01
   9.9998651e-01
   9.9998651e-01
   9.9998651e-01
   9.9998651e-01
   9.9998660e-01
   9.9998660e-01
   9.9998660e-01
   9.9998710e-01
   9.9998710e-01
   9.9998713e-01
   9.9998713e-01
   9.9998728e-01
   9.9998757e-01
   9.9998794e-01
   9.9998850e-01
   9.9998850e-01
   9.9998871e-01
   9.9998881e-01
   9.9998925e-01
   9.9998930e-01
   9.9998930e-01
   9.9998930e-01
   9.9998930e-01
   9.9999049e-01
   9.9999049e-01
   9.9999049e-01
   9.9999049e-01
   9.9999049e-01
   9.9999049e-01
   9.9999049e-01
   9.9999049e-01
   9.9999049e-01
   9.9999049e-01
   9.9999049e-01
   9.9999065e-01
   9.9999089e-01
   9.9999089e-01
   9.9999089e-01
   9.9999089e-01
   9.9999134e-01
   9.9999152e-01
   9.9999152e-01
   9.9999155e-01
   9.9999155e-01
   9.9999171e-01
   9.9999171e-01
   9.9999186e-01
   9.9999202e-01
   9.9999211e-01
   9.9999227e-01
   9.9999229e-01
   9.9999229e-01
   9.9999229e-01
   9.9999229e-01
   9.9999245e-01
   9.9999270e-01
   9.9999270e-01
   9.9999277e-01
   9.9999277e-01
   9.9999277e-01
   9.9999277e-01
   9.9999277e-01
   9.9999287e-01
   9.9999287e-01
   9.9999287e-01
   9.9999287e-01
   9.9999287e-01
   9.9999287e-01
   9.9999287e-01
   9.9999291e-01
   9.9999291e-01
   9.9999296e-01
   9.9999296e-01
   9.9999296e-01
   9.9999298e-01
   9.9999301e-01
   9.9999337e-01
   9.9999337e-01
   9.9999337e-01
   9.9999337e-01
   9.9999337e-01
   9.9999337e-01
   9.9999337e-01
   9.9999337e-01
   9.9999342e-01
   9.9999342e-01
   9.9999348e-01
   9.9999348e-01
   9.9999357e-01
   9.9999357e-01
   9.9999357e-01
   9.9999357e-01
   9.9999371e-01
   9.9999371e-01
   9.9999371e-01
   9.9999372e-01
   9.9999372e-01
   9.9999372e-01
   9.9999372e-01
   9.9999376e-01
   9.9999382e-01
   9.9999382e-01
   9.9999382e-01
   9.9999382e-01
   9.9999382e-01
   9.9999395e-01
   9.9999401e-01
   9.9999405e-01
   9.9999405e-01
   9.9999405e-01
   9.9999405e-01
   9.9999406e-01
   9.9999406e-01
   9.9999407e-01
   9.9999418e-01
   9.9999425e-01
   9.9999425e-01
   9.9999425e-01
   9.9999425e-01
   9.9999434e-01
   9.9999438e-01
   9.9999440e-01
   9.9999442e-01
   9.9999442e-01
   9.9999448e-01
   9.9999448e-01
   9.9999448e-01
   9.9999450e-01
   9.9999450e-01
   9.9999450e-01
   9.9999450e-01
   9.9999450e-01
   9.9999450e-01
   9.9999450e-01
   9.9999450e-01
   9.9999450e-01
   9.9999450e-01
   9.9999450e-01
   9.9999450e-01
   9.9999450e-01
   9.9999450e-01
   9.9999450e-01
   9.9999450e-01
   9.9999454e-01
   9.9999454e-01
   9.9999457e-01
   9.9999460e-01
   9.9999460e-01
   9.9999460e-01
   9.9999460e-01
   9.9999466e-01
   9.9999466e-01
   9.9999466e-01
   9.9999466e-01
   9.9999466e-01
   9.9999466e-01
   9.9999466e-01
   9.9999466e-01
   9.9999466e-01
   9.9999471e-01
   9.9999471e-01
   9.9999471e-01
   9.9999471e-01
   9.9999471e-01
   9.9999471e-01
   9.9999471e-01
   9.9999472e-01
   9.9999472e-01
   9.9999477e-01
   9.9999477e-01
   9.9999482e-01
   9.9999485e-01
   9.9999485e-01
   9.9999485e-01
   9.9999494e-01
   9.9999494e-01
   9.9999494e-01
   9.9999494e-01
   9.9999494e-01
   9.9999494e-01
   9.9999494e-01
   9.9999498e-01
   9.9999512e-01
   9.9999524e-01
   9.9999524e-01
   9.9999530e-01
   9.9999530e-01
   9.9999530e-01
   9.9999530e-01
   9.9999530e-01
   9.9999530e-01
   9.9999531e-01
   9.9999532e-01
   9.9999533e-01
   9.9999533e-01
   9.9999534e-01
   9.9999534e-01
   9.9999534e-01
   9.9999543e-01
   9.9999546e-01
   9.9999553e-01
   9.9999557e-01
   9.9999560e-01
   9.9999561e-01
   9.9999566e-01
   9.9999567e-01
   9.9999570e-01
   9.9999570e-01
   9.9999570e-01
   9.9999570e-01
   9.9999574e-01
   9.9999592e-01
   9.9999596e-01
   9.9999596e-01
   9.9999610e-01
   9.9999610e-01
   9.9999610e-01
   9.9999628e-01
   9.9999628e-01
   9.9999648e-01
   9.9999652e-01
   9.9999652e-01
   9.9999652e-01
   9.9999664e-01
   9.9999664e-01
   9.9999664e-01
   9.9999668e-01
   9.9999668e-01
   9.9999668e-01
   9.9999668e-01
   9.9999668e-01
   9.9999668e-01
   9.9999668e-01
   9.9999677e-01
   9.9999681e-01
   9.9999681e-01
   9.9999689e-01
   9.9999689e-01
   9.9999689e-01
   9.9999689e-01
   9.9999689e-01
   9.9999689e-01
   9.9999690e-01
   9.9999694e-01
   9.9999694e-01
   9.9999698e-01
   9.9999700e-01
   9.9999700e-01
   9.9999701e-01
   9.9999701e-01
   9.9999701e-01
   9.9999715e-01
