  -1.2050966e-01
  -1.2050966e-01
  -8.7314636e-02
  -8.9600635e-03
   5.2936304e-02
   1.1229300e-01
   1.2107980e-01
   1.4213237e-01
   1.4213237e-01
   1.5946589e-01
   2.0018992e-01
   2.5512778e-01
   2.6023942e-01
   3.0315621e-01
   3.4273550e-01
   3.4273550e-01
   3.6048044e-01
   3.9030095e-01
   4.1333981e-01
   4.5232986e-01
   4.5232986e-01
   4.5232986e-01
   4.6251764e-01
   4.7442009e-01
   4.8156156e-01
   5.0183882e-01
   5.1429489e-01
   5.2425428e-01
   5.3801692e-01
   5.5622312e-01
   5.5622312e-01
   5.6863947e-01
   5.7516733e-01
   5.7516733e-01
   5.9150750e-01
   5.9150750e-01
   5.9150750e-01
   5.9150750e-01
   5.9432887e-01
   5.9744690e-01
   6.0216674e-01
   6.0399756e-01
   6.2003128e-01
   6.2003128e-01
   6.2003128e-01
   6.2881715e-01
   6.2881715e-01
   6.2881715e-01
   6.4342104e-01
   6.4342104e-01
   6.4342104e-01
   6.4342104e-01
   6.4342104e-01
   6.4490738e-01
   6.4490738e-01
   6.4490738e-01
   6.4490738e-01
   6.4909278e-01
   6.4909278e-01
   6.5171273e-01
   6.5171273e-01
   6.5171273e-01
   6.5171273e-01
   6.6114216e-01
   6.6606754e-01
   6.6675352e-01
   6.6675352e-01
   6.6675352e-01
   6.7679103e-01
   6.9210790e-01
   6.9210790e-01
   6.9210790e-01
   6.9210790e-01
   6.9369666e-01
   6.9810368e-01
   6.9810368e-01
   6.9810368e-01
   6.9810368e-01
   6.9810368e-01
   6.9921282e-01
   6.9921282e-01
   6.9921282e-01
   7.0269185e-01
   7.0438459e-01
   7.0438459e-01
   7.0438459e-01
   7.0438459e-01
   7.0957209e-01
   7.0957209e-01
   7.0957209e-01
   7.0957209e-01
   7.0957209e-01
   7.1134907e-01
   7.1701703e-01
   7.1701703e-01
   7.1701703e-01
   7.1884226e-01
   7.1884226e-01
   7.1884226e-01
   7.1939398e-01
   7.1939398e-01
   7.1939398e-01
   7.1939398e-01
   7.2300356e-01
   7.2300356e-01
   7.2468864e-01
   7.2468864e-01
   7.2468864e-01
   7.2468864e-01
   7.2468864e-01
   7.2468864e-01
   7.2468864e-01
   7.2468864e-01
   7.2468864e-01
   7.2640439e-01
   7.2718479e-01
   7.2718479e-01
   7.2718479e-01
   7.2718479e-01
   7.2975745e-01
   7.3235625e-01
   7.3235625e-01
   7.3235625e-01
   7.3235625e-01
   7.3364503e-01
   7.3364503e-01
   7.3364503e-01
   7.3391424e-01
   7.3418129e-01
   7.3418129e-01
   7.3418129e-01
   7.3430428e-01
   7.3430428e-01
   7.3695308e-01
   7.3695308e-01
   7.3695308e-01
   7.3695308e-01
   7.3695308e-01
   7.3766828e-01
   7.3766828e-01
   7.3766828e-01
   7.3766828e-01
   7.3835081e-01
   7.3835081e-01
   7.3835081e-01
   7.3835081e-01
   7.3835081e-01
   7.4077193e-01
   7.4077193e-01
   7.4140058e-01
   7.4140058e-01
   7.4140058e-01
   7.4140058e-01
   7.4231946e-01
   7.4231946e-01
   7.4231946e-01
   7.4231946e-01
   7.4263822e-01
   7.4263822e-01
   7.4263822e-01
   7.4284822e-01
   7.4309971e-01
   7.4309971e-01
   7.4313193e-01
   7.4313193e-01
   7.4313193e-01
   7.4330391e-01
   7.4330391e-01
   7.4351079e-01
   7.4351079e-01
   7.4351079e-01
   7.4389558e-01
   7.4395737e-01
   7.4395737e-01
   7.4395737e-01
   7.4414469e-01
   7.4414469e-01
   7.4414469e-01
   7.4414469e-01
   7.4414469e-01
   7.4414469e-01
   7.4421201e-01
   7.4421201e-01
   7.4428957e-01
   7.4446061e-01
   7.4478597e-01
   7.4478597e-01
   7.4478597e-01
   7.4478597e-01
   7.4478597e-01
   7.4480508e-01
   7.4599265e-01
   7.4599265e-01
   7.4604180e-01
   7.4604180e-01
   7.4604180e-01
   7.4613472e-01
   7.4613472e-01
   7.4613472e-01
   7.4635057e-01
   7.4643417e-01
   7.4707781e-01
   7.4707781e-01
   7.4707781e-01
   7.4707781e-01
   7.4707781e-01
   7.4718870e-01
   7.4718870e-01
   7.4718870e-01
   7.4723200e-01
   7.4723200e-01
   7.4723200e-01
   7.4723200e-01
   7.4723200e-01
   7.4723281e-01
   7.4736085e-01
   7.4749974e-01
   7.4751341e-01
   7.4751341e-01
   7.4755216e-01
   7.4772535e-01
   7.4772535e-01
   7.4778442e-01
   7.4778442e-01
   7.4789473e-01
   7.4796821e-01
   7.4796821e-01
   7.4796821e-01
   7.4796821e-01
   7.4798617e-01
   7.4798617e-01
   7.4800701e-01
   7.4800701e-01
   7.4805665e-01
   7.4807269e-01
   7.4811043e-01
   7.4811367e-01
   7.4818953e-01
   7.4825428e-01
   7.4825428e-01
   7.4830163e-01
   7.4835572e-01
   7.4835572e-01
   7.4835572e-01
   7.4835572e-01
   7.4838711e-01
   7.4838711e-01
   7.4838711e-01
   7.4842208e-01
   7.4844514e-01
   7.4844514e-01
   7.4846102e-01
   7.4846102e-01
   7.4846102e-01
   7.4846102e-01
   7.4846102e-01
   7.4847212e-01
   7.4847212e-01
   7.4853777e-01
   7.4853777e-01
   7.4853777e-01
   7.4853777e-01
   7.4853777e-01
   7.4853777e-01
   7.4853777e-01
   7.4857768e-01
   7.4857768e-01
   7.4858350e-01
   7.4858350e-01
   7.4858350e-01
   7.4859382e-01
   7.4860952e-01
   7.4860952e-01
   7.4860952e-01
   7.4862143e-01
   7.4867330e-01
   7.4870541e-01
   7.4870541e-01
   7.4870541e-01
   7.4870541e-01
   7.4870541e-01
   7.4870588e-01
   7.4870908e-01
   7.4871971e-01
   7.4871971e-01
   7.4871971e-01
   7.4871971e-01
   7.4871971e-01
   7.4871971e-01
   7.4871971e-01
   7.4871971e-01
   7.4871971e-01
   7.4871971e-01
   7.4872778e-01
   7.4873337e-01
   7.4875141e-01
   7.4875349e-01
   7.4878012e-01
   7.4878375e-01
   7.4878375e-01
   7.4881604e-01
   7.4881604e-01
   7.4881604e-01
   7.4881604e-01
   7.4882755e-01
   7.4884148e-01
   7.4884148e-01
   7.4884148e-01
   7.4884148e-01
   7.4884298e-01
   7.4884298e-01
   7.4887090e-01
   7.4888694e-01
   7.4890597e-01
   7.4890597e-01
   7.4890597e-01
   7.4890597e-01
   7.4892631e-01
   7.4892631e-01
   7.4892631e-01
   7.4892817e-01
   7.4896017e-01
   7.4896017e-01
   7.4896017e-01
   7.4896017e-01
   7.4896017e-01
   7.4897228e-01
   7.4897228e-01
   7.4897228e-01
   7.4897228e-01
   7.4897228e-01
   7.4901340e-01
   7.4901340e-01
   7.4901340e-01
   7.4901340e-01
   7.4901340e-01
   7.4901340e-01
   7.4902060e-01
   7.4902060e-01
   7.4902060e-01
   7.4902060e-01
   7.4902060e-01
   7.4902060e-01
   7.4902060e-01
   7.4902060e-01
   7.4902060e-01
   7.4902060e-01
   7.4902295e-01
   7.4902295e-01
   7.4903135e-01
   7.4903135e-01
   7.4903135e-01
   7.4903135e-01
   7.4903135e-01
   7.4904326e-01
   7.4905982e-01
   7.4905982e-01
   7.4906437e-01
   7.4906437e-01
   7.4906437e-01
   7.4906777e-01
   7.4906777e-01
   7.4906798e-01
   7.4906798e-01
   7.4906798e-01
   7.4906890e-01
   7.4906890e-01
   7.4906936e-01
   7.4906936e-01
   7.4906936e-01
   7.4907003e-01
   7.4907173e-01
   7.4907173e-01
   7.4907173e-01
   7.4907173e-01
   7.4907173e-01
   7.4907173e-01
   7.4907313e-01
   7.4907549e-01
   7.4907872e-01
   7.4908065e-01
   7.4908182e-01
   7.4908629e-01
   7.4908629e-01
   7.4908690e-01
   7.4908690e-01
   7.4908690e-01
   7.4908690e-01
   7.4908857e-01
   7.4908857e-01
   7.4908857e-01
   7.4908857e-01
   7.4908857e-01
   7.4908857e-01
   7.4908857e-01
   7.4909253e-01
   7.4909494e-01
   7.4909494e-01
   7.4909855e-01
   7.4910077e-01
   7.4910077e-01
   7.4910077e-01
   7.4910077e-01
   7.4910077e-01
   7.4910077e-01
   7.4910077e-01
   7.4910077e-01
   7.4910077e-01
   7.4910077e-01
   7.4910077e-01
   7.4910077e-01
   7.4910077e-01
   7.4910077e-01
   7.4911947e-01
   7.4911947e-01
   7.4911947e-01
   7.4911947e-01
   7.4911947e-01
   7.4911947e-01
   7.4911947e-01
   7.4911947e-01
   7.4911947e-01
   7.4911947e-01
   7.4911947e-01
   7.4911947e-01
   7.4912091e-01
   7.4912323e-01
   7.4912323e-01
   7.4912323e-01
   7.4912454e-01
   7.4912454e-01
   7.4912454e-01
   7.4912454e-01
   7.4912454e-01
   7.4912557e-01
   7.4912557e-01
   7.4912557e-01
   7.4912557e-01
   7.4912557e-01
   7.4912557e-01
   7.4912558e-01
   7.4912558e-01
   7.4912558e-01
   7.4912559e-01
   7.4912559e-01
   7.4912559e-01
   7.4912559e-01
   7.4912559e-01
   7.4912770e-01
   7.4912770e-01
   7.4912770e-01
   7.4913202e-01
   7.4913202e-01
   7.4913202e-01
   7.4913202e-01
   7.4913202e-01
   7.4913202e-01
   7.4913202e-01
   7.4913202e-01
   7.4913202e-01
   7.4913575e-01
   7.4913575e-01
   7.4913575e-01
   7.4913575e-01
   7.4913575e-01
   7.4913575e-01
   7.4913575e-01
   7.4913575e-01
   7.4913660e-01
   7.4913733e-01
   7.4913733e-01
   7.4913733e-01
   7.4913755e-01
   7.4913755e-01
   7.4913755e-01
   7.4913755e-01
   7.4913755e-01
   7.4913755e-01
   7.4913755e-01
   7.4913755e-01
   7.4913755e-01
   7.4913755e-01
   7.4913761e-01
   7.4913761e-01
   7.4913761e-01
   7.4913761e-01
   7.4913837e-01
   7.4913896e-01
   7.4913975e-01
   7.4914063e-01
   7.4914063e-01
   7.4914063e-01
   7.4914063e-01
   7.4914090e-01
   7.4914090e-01
   7.4914178e-01
   7.4914178e-01
   7.4914178e-01
   7.4914208e-01
   7.4914397e-01
   7.4914397e-01
   7.4914397e-01
   7.4914397e-01
   7.4914397e-01
   7.4914397e-01
   7.4914397e-01
   7.4914397e-01
   7.4914397e-01
   7.4914541e-01
   7.4914541e-01
   7.4914541e-01
   7.4914541e-01
   7.4914541e-01
   7.4914541e-01
   7.4914541e-01
   7.4914541e-01
   7.4914541e-01
   7.4914541e-01
   7.4914541e-01
   7.4914648e-01
   7.4914661e-01
   7.4914661e-01
   7.4914662e-01
   7.4914662e-01
   7.4914662e-01
   7.4914663e-01
   7.4914700e-01
   7.4914700e-01
   7.4914700e-01
   7.4914700e-01
   7.4914700e-01
   7.4914706e-01
   7.4914706e-01
   7.4914706e-01
   7.4914727e-01
   7.4914727e-01
   7.4914727e-01
   7.4914739e-01
   7.4914739e-01
   7.4914739e-01
   7.4914739e-01
   7.4914739e-01
   7.4914739e-01
   7.4914739e-01
   7.4914739e-01
   7.4914740e-01
   7.4914750e-01
   7.4914857e-01
   7.4914857e-01
   7.4914857e-01
   7.4914857e-01
   7.4914907e-01
   7.4914938e-01
   7.4914956e-01
   7.4914956e-01
   7.4914956e-01
   7.4914956e-01
   7.4914966e-01
   7.4914972e-01
   7.4914975e-01
   7.4914977e-01
   7.4914978e-01
   7.4914982e-01
   7.4915007e-01
   7.4915007e-01
   7.4915007e-01
   7.4915013e-01
   7.4915013e-01
   7.4915013e-01
   7.4915026e-01
   7.4915037e-01
   7.4915044e-01
   7.4915048e-01
   7.4915050e-01
   7.4915086e-01
   7.4915086e-01
   7.4915086e-01
   7.4915086e-01
   7.4915086e-01
   7.4915090e-01
   7.4915090e-01
   7.4915094e-01
   7.4915094e-01
   7.4915094e-01
   7.4915101e-01
   7.4915103e-01
   7.4915109e-01
   7.4915112e-01
   7.4915114e-01
   7.4915115e-01
   7.4915116e-01
   7.4915116e-01
   7.4915117e-01
   7.4915117e-01
   7.4915125e-01
   7.4915125e-01
   7.4915127e-01
   7.4915134e-01
   7.4915139e-01
   7.4915143e-01
   7.4915149e-01
   7.4915149e-01
   7.4915189e-01
   7.4915189e-01
   7.4915202e-01
   7.4915202e-01
   7.4915388e-01
   7.4915388e-01
   7.4915388e-01
   7.4915388e-01
   7.4915509e-01
   7.4915509e-01
   7.4915509e-01
   7.4915509e-01
   7.4915509e-01
   7.4915509e-01
   7.4915509e-01
   7.4915509e-01
   7.4915509e-01
   7.4915509e-01
   7.4915509e-01
   7.4915509e-01
   7.4915509e-01
   7.4915509e-01
   7.4915509e-01
   7.4915509e-01
   7.4915509e-01
   7.4915509e-01
   7.4915509e-01
   7.4915509e-01
   7.4915527e-01
   7.4915544e-01
   7.4915555e-01
   7.4915561e-01
   7.4915565e-01
   7.4915567e-01
   7.4915569e-01
   7.4915569e-01
   7.4915570e-01
   7.4915624e-01
   7.4915624e-01
   7.4915624e-01
   7.4915624e-01
   7.4915624e-01
   7.4915624e-01
   7.4915624e-01
   7.4915624e-01
   7.4915624e-01
   7.4915624e-01
   7.4915624e-01
   7.4915624e-01
   7.4915637e-01
   7.4915663e-01
   7.4915689e-01
   7.4915689e-01
   7.4915689e-01
   7.4915717e-01
   7.4915717e-01
   7.4915717e-01
   7.4915717e-01
   7.4915717e-01
   7.4915717e-01
   7.4915717e-01
   7.4915723e-01
   7.4915729e-01
   7.4915729e-01
   7.4915733e-01
   7.4915733e-01
   7.4915733e-01
   7.4915733e-01
   7.4915739e-01
   7.4915757e-01
   7.4915757e-01
   7.4915757e-01
   7.4915757e-01
   7.4915757e-01
   7.4915757e-01
   7.4915757e-01
   7.4915757e-01
   7.4915776e-01
   7.4915816e-01
   7.4915816e-01
   7.4915816e-01
   7.4915816e-01
   7.4915816e-01
   7.4915838e-01
   7.4915838e-01
   7.4915838e-01
   7.4915838e-01
   7.4915838e-01
   7.4915838e-01
   7.4915838e-01
   7.4915838e-01
   7.4915838e-01
   7.4915838e-01
   7.4915838e-01
   7.4915838e-01
   7.4915838e-01
   7.4915838e-01
   7.4915839e-01
   7.4915839e-01
   7.4915943e-01
   7.4915943e-01
   7.4915951e-01
   7.4915951e-01
   7.4915972e-01
   7.4915994e-01
   7.4916007e-01
   7.4916007e-01
   7.4916007e-01
   7.4916007e-01
   7.4916007e-01
   7.4916007e-01
   7.4916029e-01
   7.4916029e-01
   7.4916029e-01
   7.4916068e-01
   7.4916068e-01
   7.4916068e-01
   7.4916068e-01
   7.4916068e-01
   7.4916068e-01
   7.4916068e-01
   7.4916068e-01
   7.4916068e-01
   7.4916068e-01
   7.4916081e-01
   7.4916081e-01
   7.4916081e-01
   7.4916082e-01
   7.4916082e-01
   7.4916082e-01
   7.4916082e-01
   7.4916095e-01
   7.4916095e-01
   7.4916095e-01
   7.4916102e-01
   7.4916102e-01
   7.4916108e-01
   7.4916116e-01
   7.4916120e-01
   7.4916124e-01
   7.4916124e-01
   7.4916125e-01
   7.4916125e-01
   7.4916130e-01
   7.4916130e-01
   7.4916132e-01
   7.4916132e-01
   7.4916134e-01
   7.4916134e-01
   7.4916137e-01
   7.4916137e-01
   7.4916137e-01
   7.4916138e-01
   7.4916139e-01
   7.4916139e-01
   7.4916139e-01
   7.4916139e-01
   7.4916139e-01
   7.4916139e-01
   7.4916140e-01
   7.4916140e-01
   7.4916140e-01
   7.4916140e-01
   7.4916140e-01
   7.4916140e-01
   7.4916140e-01
   7.4916142e-01
   7.4916147e-01
   7.4916152e-01
   7.4916152e-01
   7.4916156e-01
   7.4916156e-01
   7.4916156e-01
   7.4916156e-01
   7.4916156e-01
   7.4916159e-01
   7.4916168e-01
   7.4916176e-01
   7.4916180e-01
   7.4916182e-01
   7.4916182e-01
   7.4916183e-01
   7.4916183e-01
   7.4916183e-01
   7.4916187e-01
   7.4916190e-01
   7.4916190e-01
   7.4916192e-01
   7.4916192e-01
   7.4916193e-01
   7.4916193e-01
   7.4916193e-01
   7.4916197e-01
   7.4916201e-01
   7.4916201e-01
   7.4916202e-01
   7.4916202e-01
   7.4916202e-01
   7.4916202e-01
   7.4916202e-01
   7.4916202e-01
   7.4916205e-01
   7.4916205e-01
   7.4916205e-01
   7.4916205e-01
   7.4916205e-01
   7.4916205e-01
   7.4916205e-01
   7.4916205e-01
   7.4916209e-01
   7.4916209e-01
   7.4916209e-01
   7.4916209e-01
   7.4916209e-01
   7.4916209e-01
   7.4916209e-01
   7.4916209e-01
   7.4916209e-01
   7.4916210e-01
   7.4916212e-01
   7.4916214e-01
   7.4916216e-01
   7.4916217e-01
   7.4916218e-01
   7.4916218e-01
   7.4916219e-01
   7.4916219e-01
   7.4916219e-01
   7.4916219e-01
   7.4916219e-01
   7.4916221e-01
   7.4916224e-01
   7.4916224e-01
   7.4916224e-01
   7.4916227e-01
   7.4916229e-01
   7.4916229e-01
   7.4916231e-01
   7.4916231e-01
   7.4916232e-01
   7.4916233e-01
   7.4916235e-01
   7.4916237e-01
   7.4916238e-01
   7.4916238e-01
   7.4916239e-01
   7.4916239e-01
   7.4916241e-01
   7.4916241e-01
   7.4916243e-01
   7.4916243e-01
   7.4916243e-01
   7.4916243e-01
   7.4916243e-01
   7.4916246e-01
   7.4916246e-01
   7.4916247e-01
   7.4916247e-01
   7.4916250e-01
   7.4916250e-01
   7.4916250e-01
   7.4916253e-01
   7.4916253e-01
   7.4916253e-01
   7.4916253e-01
   7.4916253e-01
   7.4916253e-01
   7.4916253e-01
   7.4916253e-01
   7.4916253e-01
   7.4916256e-01
   7.4916257e-01
   7.4916257e-01
   7.4916257e-01
   7.4916257e-01
   7.4916258e-01
   7.4916258e-01
   7.4916258e-01
   7.4916258e-01
   7.4916258e-01
   7.4916259e-01
   7.4916259e-01
   7.4916259e-01
   7.4916259e-01
   7.4916259e-01
   7.4916260e-01
   7.4916260e-01
   7.4916260e-01
   7.4916260e-01
   7.4916260e-01
   7.4916260e-01
   7.4916267e-01
   7.4916267e-01
   7.4916269e-01
   7.4916269e-01
   7.4916269e-01
   7.4916269e-01
   7.4916269e-01
   7.4916269e-01
   7.4916269e-01
   7.4916269e-01
   7.4916272e-01
   7.4916272e-01
   7.4916272e-01
   7.4916273e-01
   7.4916273e-01
   7.4916273e-01
   7.4916273e-01
   7.4916273e-01
   7.4916273e-01
   7.4916273e-01
   7.4916275e-01
   7.4916275e-01
   7.4916275e-01
   7.4916275e-01
   7.4916275e-01
   7.4916275e-01
   7.4916275e-01
   7.4916277e-01
   7.4916278e-01
   7.4916278e-01
   7.4916278e-01
   7.4916278e-01
   7.4916278e-01
   7.4916278e-01
   7.4916278e-01
   7.4916278e-01
   7.4916279e-01
   7.4916279e-01
   7.4916279e-01
   7.4916280e-01
   7.4916280e-01
   7.4916280e-01
   7.4916280e-01
   7.4916280e-01
   7.4916280e-01
   7.4916280e-01
   7.4916280e-01
   7.4916280e-01
   7.4916280e-01
   7.4916280e-01
   7.4916280e-01
   7.4916280e-01
   7.4916280e-01
   7.4916280e-01
   7.4916280e-01
   7.4916280e-01
   7.4916280e-01
   7.4916280e-01
   7.4916280e-01
   7.4916280e-01
   7.4916280e-01
   7.4916280e-01
   7.4916280e-01
   7.4916280e-01
   7.4916280e-01
   7.4916281e-01
   7.4916281e-01
   7.4916281e-01
   7.4916281e-01
   7.4916281e-01
   7.4916281e-01
   7.4916282e-01
   7.4916282e-01
   7.4916282e-01
   7.4916282e-01
   7.4916282e-01
   7.4916282e-01
   7.4916282e-01
   7.4916283e-01
   7.4916283e-01
   7.4916283e-01
   7.4916284e-01
   7.4916284e-01
   7.4916284e-01
   7.4916286e-01
   7.4916286e-01
   7.4916292e-01
   7.4916292e-01
   7.4916293e-01
   7.4916294e-01
   7.4916298e-01
   7.4916304e-01
   7.4916304e-01
   7.4916304e-01
   7.4916310e-01
   7.4916323e-01
   7.4916329e-01
   7.4916329e-01
   7.4916329e-01
   7.4916329e-01
   7.4916329e-01
   7.4916329e-01
   7.4916329e-01
   7.4916329e-01
   7.4916331e-01
   7.4916331e-01
   7.4916331e-01
   7.4916331e-01
   7.4916331e-01
   7.4916331e-01
   7.4916331e-01
   7.4916331e-01
   7.4916331e-01
   7.4916331e-01
   7.4916331e-01
   7.4916331e-01
   7.4916331e-01
   7.4916331e-01
   7.4916331e-01
   7.4916331e-01
   7.4916331e-01
   7.4916331e-01
   7.4916331e-01
   7.4916331e-01
   7.4916331e-01
   7.4916331e-01
   7.4916331e-01
   7.4916331e-01
   7.4916331e-01
   7.4916331e-01
   7.4916331e-01
   7.4916331e-01
   7.4916331e-01
   7.4916331e-01
   7.4916331e-01
   7.4916331e-01
   7.4916331e-01
   7.4916331e-01
   7.4916331e-01
   7.4916331e-01
   7.4916332e-01
   7.4916332e-01
   7.4916332e-01
   7.4916332e-01
   7.4916332e-01
   7.4916332e-01
   7.4916332e-01
   7.4916332e-01
   7.4916332e-01
   7.4916332e-01
   7.4916332e-01
   7.4916332e-01
   7.4916332e-01
   7.4916332e-01
   7.4916332e-01
   7.4916332e-01
   7.4916332e-01
   7.4916332e-01
   7.4916332e-01
   7.4916332e-01
   7.4916332e-01
   7.4916333e-01
   7.4916333e-01
   7.4916333e-01
   7.4916333e-01
   7.4916333e-01
   7.4916333e-01
   7.4916333e-01
   7.4916333e-01
   7.4916333e-01
   7.4916333e-01
   7.4916333e-01
   7.4916333e-01
   7.4916333e-01
   7.4916333e-01
   7.4916333e-01
   7.4916333e-01
   7.4916333e-01
   7.4916334e-01
   7.4916334e-01
   7.4916334e-01
   7.4916334e-01
   7.4916334e-01
   7.4916334e-01
   7.4916334e-01
   7.4916334e-01
   7.4916334e-01
   7.4916334e-01
   7.4916335e-01
   7.4916335e-01
   7.4916335e-01
   7.4916335e-01
   7.4916335e-01
   7.4916335e-01
   7.4916335e-01
   7.4916335e-01
   7.4916335e-01
   7.4916335e-01
   7.4916335e-01
   7.4916335e-01
   7.4916335e-01
   7.4916335e-01
   7.4916335e-01
   7.4916335e-01
   7.4916335e-01
   7.4916335e-01
   7.4916335e-01
   7.4916335e-01
   7.4916335e-01
   7.4916335e-01
   7.4916335e-01
   7.4916335e-01
   7.4916335e-01
   7.4916335e-01
   7.4916335e-01
   7.4916335e-01
   7.4916335e-01
   7.4916335e-01
   7.4916335e-01
   7.4916335e-01
   7.4916335e-01
   7.4916335e-01
   7.4916335e-01
   7.4916335e-01
   7.4916335e-01
   7.4916335e-01
   7.4916335e-01
   7.4916335e-01
   7.4916335e-01
   7.4916335e-01
   7.4916335e-01
   7.4916335e-01
   7.4916335e-01
   7.4916335e-01
   7.4916335e-01
   7.4916335e-01
   7.4916336e-01
   7.4916336e-01
   7.4916336e-01
   7.4916336e-01
   7.4916336e-01
   7.4916336e-01
   7.4916336e-01
   7.4916336e-01
   7.4916336e-01
   7.4916336e-01
   7.4916336e-01
   7.4916336e-01
   7.4916336e-01
   7.4916336e-01
   7.4916336e-01
   7.4916336e-01
   7.4916336e-01
   7.4916336e-01
   7.4916336e-01
   7.4916336e-01
   7.4916336e-01
   7.4916336e-01
   7.4916336e-01
   7.4916336e-01
   7.4916336e-01
   7.4916336e-01
   7.4916336e-01
   7.4916336e-01
   7.4916336e-01
   7.4916336e-01
   7.4916336e-01
   7.4916336e-01
   7.4916336e-01
   7.4916336e-01
   7.4916336e-01
   7.4916336e-01
   7.4916336e-01
   7.4916336e-01
   7.4916336e-01
   7.4916336e-01
   7.4916336e-01
   7.4916336e-01
   7.4916336e-01
   7.4916336e-01
   7.4916336e-01
   7.4916336e-01
   7.4916336e-01
   7.4916336e-01
   7.4916336e-01
   7.4916336e-01
   7.4916336e-01
   7.4916336e-01
   7.4916336e-01
   7.4916336e-01
   7.4916336e-01
   7.4916336e-01
   7.4916336e-01
   7.4916336e-01
   7.4916336e-01
   7.4916336e-01
   7.4916336e-01
   7.4916336e-01
   7.4916336e-01
   7.4916336e-01
   7.4916336e-01
   7.4916336e-01
   7.4916336e-01
   7.4916336e-01
   7.4916336e-01
   7.4916336e-01
   7.4916336e-01
   7.4916336e-01
   7.4916336e-01
   7.4916336e-01
   7.4916336e-01
   7.4916336e-01
   7.4916336e-01
   7.4916336e-01
   7.4916336e-01
   7.4916336e-01
   7.4916336e-01
   7.4916336e-01
   7.4916336e-01
   7.4916336e-01
   7.4916336e-01
   7.4916336e-01
   7.4916336e-01
   7.4916336e-01
   7.4916336e-01
   7.4916336e-01
   7.4916336e-01
   7.4916336e-01
   7.4916336e-01
   7.4916336e-01
   7.4916336e-01
   7.4916336e-01
   7.4916336e-01
   7.4916336e-01
   7.4916336e-01
   7.4916336e-01
   7.4916336e-01
   7.4916336e-01
   7.4916336e-01
   7.4916336e-01
   7.4916336e-01
   7.4916336e-01
   7.4916336e-01
   7.4916336e-01
   7.4916336e-01
   7.4916336e-01
   7.4916336e-01
   7.4916336e-01
   7.4916336e-01
   7.4916336e-01
   7.4916336e-01
   7.4916336e-01
   7.4916336e-01
   7.4916336e-01
   7.4916336e-01
   7.4916336e-01
   7.4916336e-01
   7.4916336e-01
   7.4916336e-01
   7.4916336e-01
   7.4916336e-01
   7.4916336e-01
   7.4916336e-01
   7.4916337e-01
   7.4916337e-01
   7.4916337e-01
   7.4916337e-01
   7.4916337e-01
   7.4916337e-01
   7.4916337e-01
   7.4916337e-01
   7.4916337e-01
   7.4916337e-01
   7.4916337e-01
   7.4916337e-01
   7.4916337e-01
   7.4916337e-01
   7.4916337e-01
   7.4916337e-01
   7.4916337e-01
   7.4916337e-01
   7.4916337e-01
   7.4916337e-01
   7.4916337e-01
   7.4916337e-01
   7.4916337e-01
   7.4916337e-01
   7.4916337e-01
   7.4916337e-01
   7.4916337e-01
   7.4916337e-01
   7.4916337e-01
   7.4916337e-01
   7.4916337e-01
   7.4916337e-01
   7.4916337e-01
   7.4916337e-01
   7.4916337e-01
   7.4916337e-01
   7.4916337e-01
   7.4916337e-01
   7.4916337e-01
   7.4916337e-01
   7.4916337e-01
   7.4916337e-01
   7.4916337e-01
   7.4916337e-01
   7.4916337e-01
   7.4916337e-01
   7.4916337e-01
   7.4916337e-01
   7.4916337e-01
   7.4916337e-01
   7.4916337e-01
   7.4916337e-01
   7.4916337e-01
   7.4916337e-01
   7.4916337e-01
   7.4916337e-01
   7.4916337e-01
   7.4916337e-01
   7.4916337e-01
   7.4916337e-01
   7.4916337e-01
   7.4916337e-01
   7.4916337e-01
   7.4916337e-01
   7.4916337e-01
   7.4916337e-01
   7.4916337e-01
   7.4916337e-01
   7.4916337e-01
   7.4916337e-01
   7.4916337e-01
   7.4916337e-01
   7.4916337e-01
   7.4916337e-01
   7.4916337e-01
   7.4916337e-01
   7.4916337e-01
   7.4916337e-01
   7.4916337e-01
   7.4916337e-01
   7.4916337e-01
   7.4916337e-01
   7.4916337e-01
   7.4916337e-01
   7.4916337e-01
   7.4916337e-01
   7.4916337e-01
   7.4916337e-01
   7.4916337e-01
   7.4916337e-01
   7.4916337e-01
   7.4916337e-01
   7.4916337e-01
   7.4916337e-01
   7.4916337e-01
   7.4916337e-01
   7.4916337e-01
   7.4916337e-01
   7.4916337e-01
   7.4916337e-01
   7.4916337e-01
   7.4916337e-01
   7.4916337e-01
   7.4916337e-01
   7.4916337e-01
   7.4916337e-01
   7.4916337e-01
   7.4916337e-01
   7.4916337e-01
   7.4916337e-01
   7.4916337e-01
   7.4916337e-01
   7.4916337e-01
   7.4916337e-01
   7.4916337e-01
   7.4916337e-01
   7.4916337e-01
   7.4916337e-01
   7.4916337e-01
   7.4916337e-01
   7.4916337e-01
   7.4916337e-01
   7.4916337e-01
   7.4916337e-01
   7.4916337e-01
   7.4916337e-01
   7.4916337e-01
   7.4916337e-01
   7.4916337e-01
   7.4916337e-01
   7.4916337e-01
   7.4916337e-01
   7.4916337e-01
   7.4916337e-01
   7.4916337e-01
   7.4916337e-01
   7.4916337e-01
   7.4916337e-01
   7.4916337e-01
   7.4916337e-01
   7.4916337e-01
   7.4916337e-01
   7.4916337e-01
   7.4916337e-01
   7.4916337e-01
   7.4916337e-01
   7.4916337e-01
   7.4916337e-01
   7.4916337e-01
   7.4916337e-01
   7.4916337e-01
   7.4916337e-01
   7.4916337e-01
   7.4916337e-01
   7.4916337e-01
   7.4916337e-01
   7.4916337e-01
   7.4916337e-01
   7.4916337e-01
   7.4916337e-01
   7.4916337e-01
   7.4916337e-01
   7.4916337e-01
   7.4916337e-01
   7.4916337e-01
   7.4916337e-01
   7.4916337e-01
   7.4916337e-01
   7.4916337e-01
   7.4916337e-01
   7.4916337e-01
   7.4916337e-01
   7.4916337e-01
   7.4916337e-01
   7.4916337e-01
   7.4916337e-01
   7.4916337e-01
   7.4916337e-01
   7.4916337e-01
   7.4916337e-01
   7.4916337e-01
   7.4916337e-01
   7.4916337e-01
   7.4916337e-01
   7.4916337e-01
   7.4916337e-01
   7.4916337e-01
   7.4916337e-01
   7.4916337e-01
   7.4916337e-01
   7.4916337e-01
   7.4916337e-01
   7.4916337e-01
   7.4916337e-01
   7.4916337e-01
   7.4916337e-01
   7.4916337e-01
   7.4916337e-01
   7.4916337e-01
   7.4916337e-01
   7.4916337e-01
   7.4916337e-01
   7.4916338e-01
   7.4916338e-01
   7.4916338e-01
   7.4916338e-01
   7.4916338e-01
   7.4916338e-01
   7.4916338e-01
   7.4916338e-01
   7.4916338e-01
   7.4916338e-01
   7.4916338e-01
   7.4916338e-01
   7.4916338e-01
   7.4916338e-01
   7.4916338e-01
   7.4916338e-01
   7.4916338e-01
   7.4916338e-01
   7.4916338e-01
   7.4916338e-01
   7.4916338e-01
   7.4916338e-01
   7.4916338e-01
   7.4916338e-01
   7.4916338e-01
   7.4916338e-01
   7.4916338e-01
   7.4916338e-01
   7.4916338e-01
   7.4916338e-01
   7.4916338e-01
   7.4916338e-01
   7.4916338e-01
   7.4916338e-01
   7.4916338e-01
   7.4916338e-01
   7.4916338e-01
   7.4916338e-01
   7.4916338e-01
   7.4916338e-01
   7.4916338e-01
   7.4916338e-01
   7.4916338e-01
   7.4916338e-01
   7.4916338e-01
   7.4916338e-01
   7.4916338e-01
   7.4916338e-01
   7.4916338e-01
   7.4916338e-01
   7.4916338e-01
   7.4916338e-01
   7.4916338e-01
   7.4916338e-01
   7.4916338e-01
   7.4916338e-01
   7.4916338e-01
   7.4916338e-01
   7.4916338e-01
   7.4916338e-01
   7.4916338e-01
   7.4916338e-01
   7.4916338e-01
   7.4916339e-01
   7.4916339e-01
   7.4916339e-01
   7.4916339e-01
   7.4916339e-01
   7.4916339e-01
   7.4916339e-01
   7.4916339e-01
   7.4916339e-01
   7.4916339e-01
   7.4916339e-01
   7.4916339e-01
   7.4916339e-01
   7.4916339e-01
   7.4916339e-01
   7.4916339e-01
   7.4916339e-01
   7.4916339e-01
   7.4916339e-01
   7.4916339e-01
   7.4916339e-01
   7.4916339e-01
   7.4916339e-01
   7.4916339e-01
   7.4916339e-01
   7.4916339e-01
   7.4916339e-01
   7.4916339e-01
   7.4916339e-01
   7.4916339e-01
   7.4916339e-01
   7.4916339e-01
   7.4916339e-01
   7.4916339e-01
   7.4916339e-01
   7.4916339e-01
   7.4916339e-01
   7.4916339e-01
   7.4916339e-01
   7.4916339e-01
   7.4916339e-01
   7.4916339e-01
   7.4916339e-01
   7.4916339e-01
   7.4916339e-01
   7.4916339e-01
   7.4916339e-01
   7.4916339e-01
   7.4916339e-01
   7.4916339e-01
   7.4916339e-01
   7.4916339e-01
   7.4916339e-01
   7.4916339e-01
   7.4916339e-01
   7.4916339e-01
   7.4916339e-01
   7.4916339e-01
   7.4916339e-01
   7.4916339e-01
   7.4916339e-01
   7.4916339e-01
   7.4916339e-01
   7.4916339e-01
   7.4916339e-01
   7.4916339e-01
   7.4916339e-01
   7.4916339e-01
   7.4916339e-01
   7.4916339e-01
   7.4916339e-01
   7.4916339e-01
   7.4916339e-01
   7.4916339e-01
   7.4916339e-01
   7.4916339e-01
   7.4916339e-01
   7.4916339e-01
   7.4916339e-01
   7.4916339e-01
   7.4916339e-01
   7.4916339e-01
   7.4916339e-01
   7.4916339e-01
   7.4916339e-01
   7.4916339e-01
   7.4916339e-01
   7.4916339e-01
   7.4916339e-01
   7.4916339e-01
   7.4916339e-01
   7.4916339e-01
   7.4916339e-01
   7.4916339e-01
   7.4916339e-01
   7.4916339e-01
   7.4916339e-01
   7.4916339e-01
   7.4916339e-01
   7.4916339e-01
   7.4916339e-01
   7.4916339e-01
   7.4916339e-01
   7.4916339e-01
   7.4916339e-01
   7.4916339e-01
   7.4916339e-01
   7.4916339e-01
   7.4916339e-01
   7.4916339e-01
   7.4916339e-01
   7.4916339e-01
   7.4916339e-01
   7.4916339e-01
   7.4916339e-01
   7.4916339e-01
   7.4916339e-01
   7.4916339e-01
   7.4916339e-01
   7.4916339e-01
   7.4916339e-01
   7.4916339e-01
   7.4916339e-01
   7.4916339e-01
   7.4916339e-01
   7.4916339e-01
   7.4916339e-01
   7.4916339e-01
   7.4916339e-01
   7.4916339e-01
   7.4916339e-01
   7.4916339e-01
   7.4916339e-01
   7.4916339e-01
   7.4916339e-01
   7.4916339e-01
   7.4916339e-01
   7.4916339e-01
   7.4916339e-01
   7.4916339e-01
   7.4916339e-01
   7.4916339e-01
   7.4916339e-01
   7.4916339e-01
   7.4916339e-01
   7.4916339e-01
   7.4916339e-01
   7.4916339e-01
   7.4916339e-01
   7.4916339e-01
   7.4916339e-01
   7.4916339e-01
   7.4916339e-01
   7.4916339e-01
   7.4916339e-01
   7.4916339e-01
   7.4916339e-01
   7.4916339e-01
   7.4916339e-01
   7.4916339e-01
   7.4916339e-01
   7.4916339e-01
   7.4916339e-01
   7.4916339e-01
   7.4916339e-01
   7.4916339e-01
   7.4916339e-01
   7.4916339e-01
   7.4916339e-01
   7.4916339e-01
   7.4916339e-01
   7.4916339e-01
   7.4916339e-01
   7.4916339e-01
   7.4916339e-01
   7.4916339e-01
   7.4916339e-01
   7.4916339e-01
   7.4916339e-01
   7.4916339e-01
   7.4916339e-01
   7.4916339e-01
   7.4916339e-01
   7.4916339e-01
   7.4916339e-01
   7.4916339e-01
   7.4916339e-01
   7.4916339e-01
   7.4916339e-01
   7.4916339e-01
   7.4916339e-01
   7.4916339e-01
   7.4916339e-01
   7.4916339e-01
   7.4916339e-01
   7.4916339e-01
   7.4916339e-01
   7.4916339e-01
   7.4916339e-01
   7.4916339e-01
   7.4916339e-01
   7.4916339e-01
   7.4916339e-01
   7.4916339e-01
   7.4916339e-01
   7.4916339e-01
   7.4916339e-01
   7.4916339e-01
   7.4916339e-01
   7.4916339e-01
   7.4916339e-01
   7.4916339e-01
   7.4916339e-01
   7.4916339e-01
   7.4916339e-01
   7.4916339e-01
   7.4916339e-01
   7.4916339e-01
   7.4916339e-01
   7.4916339e-01
   7.4916339e-01
   7.4916339e-01
   7.4916339e-01
   7.4916339e-01
   7.4916339e-01
   7.4916339e-01
   7.4916339e-01
   7.4916339e-01
   7.4916339e-01
   7.4916339e-01
   7.4916339e-01
   7.4916339e-01
   7.4916339e-01
   7.4916339e-01
   7.4916339e-01
   7.4916339e-01
   7.4916339e-01
   7.4916339e-01
   7.4916339e-01
   7.4916339e-01
   7.4916339e-01
   7.4916339e-01
   7.4916339e-01
   7.4916339e-01
   7.4916339e-01
   7.4916339e-01
   7.4916339e-01
   7.4916339e-01
   7.4916339e-01
   7.4916339e-01
   7.4916339e-01
   7.4916339e-01
   7.4916339e-01
   7.4916339e-01
   7.4916339e-01
   7.4916339e-01
   7.4916339e-01
   7.4916339e-01
   7.4916339e-01
   7.4916339e-01
   7.4916339e-01
   7.4916339e-01
   7.4916339e-01
   7.4916339e-01
   7.4916339e-01
   7.4916339e-01
   7.4916339e-01
   7.4916339e-01
   7.4916339e-01
   7.4916339e-01
   7.4916339e-01
   7.4916339e-01
   7.4916339e-01
   7.4916339e-01
   7.4916339e-01
   7.4916339e-01
   7.4916339e-01
   7.4916339e-01
   7.4916339e-01
