  -1.4592805e+00
  -1.4592805e+00
  -1.3864244e+00
  -1.2144528e+00
  -1.0786034e+00
  -9.4832812e-01
  -9.2904297e-01
  -8.8283704e-01
  -8.8283704e-01
  -8.4479365e-01
  -7.5541307e-01
  -6.3483615e-01
  -6.2361718e-01
  -5.2942395e-01
  -4.4255583e-01
  -4.4255583e-01
  -4.0360947e-01
  -3.3815979e-01
  -2.8759439e-01
  -2.0201951e-01
  -2.0201951e-01
  -2.0201951e-01
  -1.7965950e-01
  -1.5353616e-01
  -1.3786215e-01
  -9.3357880e-02
  -6.6019444e-02
  -4.4160696e-02
  -1.3954625e-02
   2.6004100e-02
   2.6004100e-02
   5.3255344e-02
   6.7582627e-02
   6.7582627e-02
   1.0344581e-01
   1.0344581e-01
   1.0344581e-01
   1.0344581e-01
   1.0963813e-01
   1.1648154e-01
   1.2684058e-01
   1.3085883e-01
   1.6604944e-01
   1.6604944e-01
   1.6604944e-01
   1.8533257e-01
   1.8533257e-01
   1.8533257e-01
   2.1738499e-01
   2.1738499e-01
   2.1738499e-01
   2.1738499e-01
   2.1738499e-01
   2.2064720e-01
   2.2064720e-01
   2.2064720e-01
   2.2064720e-01
   2.2983326e-01
   2.2983326e-01
   2.3558349e-01
   2.3558349e-01
   2.3558349e-01
   2.3558349e-01
   2.5627908e-01
   2.6708924e-01
   2.6859483e-01
   2.6859483e-01
   2.6859483e-01
   2.9062503e-01
   3.2424231e-01
   3.2424231e-01
   3.2424231e-01
   3.2424231e-01
   3.2772930e-01
   3.3740176e-01
   3.3740176e-01
   3.3740176e-01
   3.3740176e-01
   3.3740176e-01
   3.3983610e-01
   3.3983610e-01
   3.3983610e-01
   3.4747183e-01
   3.5118703e-01
   3.5118703e-01
   3.5118703e-01
   3.5118703e-01
   3.6257248e-01
   3.6257248e-01
   3.6257248e-01
   3.6257248e-01
   3.6257248e-01
   3.6647257e-01
   3.7891254e-01
   3.7891254e-01
   3.7891254e-01
   3.8291855e-01
   3.8291855e-01
   3.8291855e-01
   3.8412945e-01
   3.8412945e-01
   3.8412945e-01
   3.8412945e-01
   3.9205170e-01
   3.9205170e-01
   3.9575010e-01
   3.9575010e-01
   3.9575010e-01
   3.9575010e-01
   3.9575010e-01
   3.9575010e-01
   3.9575010e-01
   3.9575010e-01
   3.9575010e-01
   3.9951581e-01
   4.0122863e-01
   4.0122863e-01
   4.0122863e-01
   4.0122863e-01
   4.0687506e-01
   4.1257888e-01
   4.1257888e-01
   4.1257888e-01
   4.1257888e-01
   4.1540748e-01
   4.1540748e-01
   4.1540748e-01
   4.1599832e-01
   4.1658444e-01
   4.1658444e-01
   4.1658444e-01
   4.1685439e-01
   4.1685439e-01
   4.2266795e-01
   4.2266795e-01
   4.2266795e-01
   4.2266795e-01
   4.2266795e-01
   4.2423765e-01
   4.2423765e-01
   4.2423765e-01
   4.2423765e-01
   4.2573566e-01
   4.2573566e-01
   4.2573566e-01
   4.2573566e-01
   4.2573566e-01
   4.3104949e-01
   4.3104949e-01
   4.3242926e-01
   4.3242926e-01
   4.3242926e-01
   4.3242926e-01
   4.3444600e-01
   4.3444600e-01
   4.3444600e-01
   4.3444600e-01
   4.3514561e-01
   4.3514561e-01
   4.3514561e-01
   4.3560651e-01
   4.3615848e-01
   4.3615848e-01
   4.3622920e-01
   4.3622920e-01
   4.3622920e-01
   4.3660666e-01
   4.3660666e-01
   4.3706072e-01
   4.3706072e-01
   4.3706072e-01
   4.3790525e-01
   4.3804086e-01
   4.3804086e-01
   4.3804086e-01
   4.3845200e-01
   4.3845200e-01
   4.3845200e-01
   4.3845200e-01
   4.3845200e-01
   4.3845200e-01
   4.3859975e-01
   4.3859975e-01
   4.3876997e-01
   4.3914538e-01
   4.3985946e-01
   4.3985946e-01
   4.3985946e-01
   4.3985946e-01
   4.3985946e-01
   4.3990140e-01
   4.4250788e-01
   4.4250788e-01
   4.4261574e-01
   4.4261574e-01
   4.4261574e-01
   4.4281968e-01
   4.4281968e-01
   4.4281968e-01
   4.4329343e-01
   4.4347692e-01
   4.4488958e-01
   4.4488958e-01
   4.4488958e-01
   4.4488958e-01
   4.4488958e-01
   4.4513295e-01
   4.4513295e-01
   4.4513295e-01
   4.4522798e-01
   4.4522798e-01
   4.4522798e-01
   4.4522798e-01
   4.4522798e-01
   4.4522977e-01
   4.4551077e-01
   4.4581561e-01
   4.4584561e-01
   4.4584561e-01
   4.4593067e-01
   4.4631078e-01
   4.4631078e-01
   4.4644043e-01
   4.4644043e-01
   4.4668254e-01
   4.4684382e-01
   4.4684382e-01
   4.4684382e-01
   4.4684382e-01
   4.4688323e-01
   4.4688323e-01
   4.4692896e-01
   4.4692896e-01
   4.4703791e-01
   4.4707312e-01
   4.4715594e-01
   4.4716306e-01
   4.4732957e-01
   4.4747168e-01
   4.4747168e-01
   4.4757559e-01
   4.4769431e-01
   4.4769431e-01
   4.4769431e-01
   4.4769431e-01
   4.4776320e-01
   4.4776320e-01
   4.4776320e-01
   4.4783996e-01
   4.4789056e-01
   4.4789056e-01
   4.4792542e-01
   4.4792542e-01
   4.4792542e-01
   4.4792542e-01
   4.4792542e-01
   4.4794979e-01
   4.4794979e-01
   4.4809388e-01
   4.4809388e-01
   4.4809388e-01
   4.4809388e-01
   4.4809388e-01
   4.4809388e-01
   4.4809388e-01
   4.4818147e-01
   4.4818147e-01
   4.4819424e-01
   4.4819424e-01
   4.4819424e-01
   4.4821689e-01
   4.4825134e-01
   4.4825134e-01
   4.4825134e-01
   4.4827749e-01
   4.4839132e-01
   4.4846180e-01
   4.4846180e-01
   4.4846180e-01
   4.4846180e-01
   4.4846180e-01
   4.4846283e-01
   4.4846985e-01
   4.4849320e-01
   4.4849320e-01
   4.4849320e-01
   4.4849320e-01
   4.4849320e-01
   4.4849320e-01
   4.4849320e-01
   4.4849320e-01
   4.4849320e-01
   4.4849320e-01
   4.4851090e-01
   4.4852318e-01
   4.4856278e-01
   4.4856733e-01
   4.4862578e-01
   4.4863374e-01
   4.4863374e-01
   4.4870461e-01
   4.4870461e-01
   4.4870461e-01
   4.4870461e-01
   4.4872988e-01
   4.4876046e-01
   4.4876046e-01
   4.4876046e-01
   4.4876046e-01
   4.4876373e-01
   4.4876373e-01
   4.4882501e-01
   4.4886022e-01
   4.4890198e-01
   4.4890198e-01
   4.4890198e-01
   4.4890198e-01
   4.4894664e-01
   4.4894664e-01
   4.4894664e-01
   4.4895071e-01
   4.4902094e-01
   4.4902094e-01
   4.4902094e-01
   4.4902094e-01
   4.4902094e-01
   4.4904753e-01
   4.4904753e-01
   4.4904753e-01
   4.4904753e-01
   4.4904753e-01
   4.4913778e-01
   4.4913778e-01
   4.4913778e-01
   4.4913778e-01
   4.4913778e-01
   4.4913778e-01
   4.4915359e-01
   4.4915359e-01
   4.4915359e-01
   4.4915359e-01
   4.4915359e-01
   4.4915359e-01
   4.4915359e-01
   4.4915359e-01
   4.4915359e-01
   4.4915359e-01
   4.4915875e-01
   4.4915875e-01
   4.4917717e-01
   4.4917717e-01
   4.4917717e-01
   4.4917717e-01
   4.4917717e-01
   4.4920330e-01
   4.4923965e-01
   4.4923965e-01
   4.4924966e-01
   4.4924966e-01
   4.4924966e-01
   4.4925710e-01
   4.4925710e-01
   4.4925756e-01
   4.4925756e-01
   4.4925756e-01
   4.4925959e-01
   4.4925959e-01
   4.4926059e-01
   4.4926059e-01
   4.4926059e-01
   4.4926207e-01
   4.4926580e-01
   4.4926580e-01
   4.4926580e-01
   4.4926580e-01
   4.4926580e-01
   4.4926580e-01
   4.4926887e-01
   4.4927406e-01
   4.4928114e-01
   4.4928539e-01
   4.4928794e-01
   4.4929775e-01
   4.4929775e-01
   4.4929910e-01
   4.4929910e-01
   4.4929910e-01
   4.4929910e-01
   4.4930276e-01
   4.4930276e-01
   4.4930276e-01
   4.4930276e-01
   4.4930276e-01
   4.4930276e-01
   4.4930276e-01
   4.4931146e-01
   4.4931675e-01
   4.4931675e-01
   4.4932466e-01
   4.4932954e-01
   4.4932954e-01
   4.4932954e-01
   4.4932954e-01
   4.4932954e-01
   4.4932954e-01
   4.4932954e-01
   4.4932954e-01
   4.4932954e-01
   4.4932954e-01
   4.4932954e-01
   4.4932954e-01
   4.4932954e-01
   4.4932954e-01
   4.4937058e-01
   4.4937058e-01
   4.4937058e-01
   4.4937058e-01
   4.4937058e-01
   4.4937058e-01
   4.4937058e-01
   4.4937058e-01
   4.4937058e-01
   4.4937058e-01
   4.4937058e-01
   4.4937058e-01
   4.4937373e-01
   4.4937883e-01
   4.4937883e-01
   4.4937883e-01
   4.4938172e-01
   4.4938172e-01
   4.4938172e-01
   4.4938172e-01
   4.4938172e-01
   4.4938396e-01
   4.4938396e-01
   4.4938396e-01
   4.4938396e-01
   4.4938396e-01
   4.4938396e-01
   4.4938399e-01
   4.4938399e-01
   4.4938400e-01
   4.4938400e-01
   4.4938400e-01
   4.4938400e-01
   4.4938400e-01
   4.4938400e-01
   4.4938863e-01
   4.4938863e-01
   4.4938863e-01
   4.4939813e-01
   4.4939813e-01
   4.4939813e-01
   4.4939813e-01
   4.4939813e-01
   4.4939813e-01
   4.4939813e-01
   4.4939813e-01
   4.4939813e-01
   4.4940630e-01
   4.4940630e-01
   4.4940630e-01
   4.4940630e-01
   4.4940630e-01
   4.4940630e-01
   4.4940630e-01
   4.4940630e-01
   4.4940817e-01
   4.4940978e-01
   4.4940978e-01
   4.4940978e-01
   4.4941026e-01
   4.4941026e-01
   4.4941026e-01
   4.4941026e-01
   4.4941026e-01
   4.4941026e-01
   4.4941026e-01
   4.4941026e-01
   4.4941026e-01
   4.4941026e-01
   4.4941040e-01
   4.4941040e-01
   4.4941040e-01
   4.4941040e-01
   4.4941207e-01
   4.4941336e-01
   4.4941508e-01
   4.4941703e-01
   4.4941703e-01
   4.4941703e-01
   4.4941703e-01
   4.4941762e-01
   4.4941762e-01
   4.4941954e-01
   4.4941954e-01
   4.4941954e-01
   4.4942021e-01
   4.4942434e-01
   4.4942434e-01
   4.4942434e-01
   4.4942434e-01
   4.4942434e-01
   4.4942434e-01
   4.4942434e-01
   4.4942434e-01
   4.4942434e-01
   4.4942750e-01
   4.4942750e-01
   4.4942750e-01
   4.4942750e-01
   4.4942750e-01
   4.4942750e-01
   4.4942750e-01
   4.4942750e-01
   4.4942750e-01
   4.4942750e-01
   4.4942750e-01
   4.4942985e-01
   4.4943014e-01
   4.4943014e-01
   4.4943016e-01
   4.4943016e-01
   4.4943016e-01
   4.4943019e-01
   4.4943100e-01
   4.4943100e-01
   4.4943100e-01
   4.4943100e-01
   4.4943100e-01
   4.4943113e-01
   4.4943113e-01
   4.4943113e-01
   4.4943158e-01
   4.4943158e-01
   4.4943158e-01
   4.4943185e-01
   4.4943185e-01
   4.4943185e-01
   4.4943185e-01
   4.4943185e-01
   4.4943185e-01
   4.4943185e-01
   4.4943185e-01
   4.4943189e-01
   4.4943210e-01
   4.4943444e-01
   4.4943444e-01
   4.4943444e-01
   4.4943444e-01
   4.4943554e-01
   4.4943622e-01
   4.4943663e-01
   4.4943663e-01
   4.4943663e-01
   4.4943663e-01
   4.4943684e-01
   4.4943696e-01
   4.4943704e-01
   4.4943708e-01
   4.4943711e-01
   4.4943720e-01
   4.4943775e-01
   4.4943775e-01
   4.4943775e-01
   4.4943787e-01
   4.4943787e-01
   4.4943787e-01
   4.4943816e-01
   4.4943840e-01
   4.4943855e-01
   4.4943863e-01
   4.4943869e-01
   4.4943946e-01
   4.4943946e-01
   4.4943946e-01
   4.4943946e-01
   4.4943946e-01
   4.4943956e-01
   4.4943956e-01
   4.4943965e-01
   4.4943965e-01
   4.4943965e-01
   4.4943980e-01
   4.4943985e-01
   4.4943997e-01
   4.4944004e-01
   4.4944009e-01
   4.4944011e-01
   4.4944013e-01
   4.4944014e-01
   4.4944014e-01
   4.4944015e-01
   4.4944033e-01
   4.4944033e-01
   4.4944037e-01
   4.4944053e-01
   4.4944064e-01
   4.4944072e-01
   4.4944086e-01
   4.4944086e-01
   4.4944173e-01
   4.4944173e-01
   4.4944201e-01
   4.4944201e-01
   4.4944610e-01
   4.4944610e-01
   4.4944610e-01
   4.4944610e-01
   4.4944876e-01
   4.4944876e-01
   4.4944876e-01
   4.4944876e-01
   4.4944876e-01
   4.4944876e-01
   4.4944876e-01
   4.4944876e-01
   4.4944876e-01
   4.4944876e-01
   4.4944876e-01
   4.4944876e-01
   4.4944876e-01
   4.4944876e-01
   4.4944876e-01
   4.4944876e-01
   4.4944876e-01
   4.4944876e-01
   4.4944876e-01
   4.4944876e-01
   4.4944915e-01
   4.4944953e-01
   4.4944976e-01
   4.4944990e-01
   4.4944999e-01
   4.4945004e-01
   4.4945007e-01
   4.4945008e-01
   4.4945010e-01
   4.4945128e-01
   4.4945128e-01
   4.4945128e-01
   4.4945128e-01
   4.4945128e-01
   4.4945128e-01
   4.4945128e-01
   4.4945128e-01
   4.4945128e-01
   4.4945128e-01
   4.4945128e-01
   4.4945128e-01
   4.4945157e-01
   4.4945215e-01
   4.4945270e-01
   4.4945270e-01
   4.4945270e-01
   4.4945333e-01
   4.4945333e-01
   4.4945333e-01
   4.4945333e-01
   4.4945333e-01
   4.4945333e-01
   4.4945333e-01
   4.4945344e-01
   4.4945359e-01
   4.4945359e-01
   4.4945368e-01
   4.4945368e-01
   4.4945368e-01
   4.4945368e-01
   4.4945380e-01
   4.4945421e-01
   4.4945421e-01
   4.4945421e-01
   4.4945421e-01
   4.4945421e-01
   4.4945421e-01
   4.4945421e-01
   4.4945421e-01
   4.4945462e-01
   4.4945550e-01
   4.4945550e-01
   4.4945550e-01
   4.4945550e-01
   4.4945550e-01
   4.4945597e-01
   4.4945597e-01
   4.4945597e-01
   4.4945597e-01
   4.4945597e-01
   4.4945597e-01
   4.4945597e-01
   4.4945597e-01
   4.4945597e-01
   4.4945597e-01
   4.4945597e-01
   4.4945597e-01
   4.4945597e-01
   4.4945597e-01
   4.4945599e-01
   4.4945599e-01
   4.4945828e-01
   4.4945828e-01
   4.4945846e-01
   4.4945846e-01
   4.4945893e-01
   4.4945941e-01
   4.4945969e-01
   4.4945969e-01
   4.4945969e-01
   4.4945969e-01
   4.4945969e-01
   4.4945969e-01
   4.4946017e-01
   4.4946017e-01
   4.4946017e-01
   4.4946103e-01
   4.4946103e-01
   4.4946103e-01
   4.4946103e-01
   4.4946103e-01
   4.4946103e-01
   4.4946103e-01
   4.4946103e-01
   4.4946103e-01
   4.4946103e-01
   4.4946132e-01
   4.4946132e-01
   4.4946132e-01
   4.4946134e-01
   4.4946134e-01
   4.4946134e-01
   4.4946134e-01
   4.4946162e-01
   4.4946162e-01
   4.4946162e-01
   4.4946177e-01
   4.4946177e-01
   4.4946191e-01
   4.4946208e-01
   4.4946217e-01
   4.4946226e-01
   4.4946227e-01
   4.4946227e-01
   4.4946227e-01
   4.4946239e-01
   4.4946239e-01
   4.4946243e-01
   4.4946243e-01
   4.4946248e-01
   4.4946248e-01
   4.4946253e-01
   4.4946253e-01
   4.4946253e-01
   4.4946257e-01
   4.4946259e-01
   4.4946259e-01
   4.4946259e-01
   4.4946259e-01
   4.4946259e-01
   4.4946260e-01
   4.4946260e-01
   4.4946260e-01
   4.4946260e-01
   4.4946260e-01
   4.4946261e-01
   4.4946261e-01
   4.4946261e-01
   4.4946265e-01
   4.4946277e-01
   4.4946288e-01
   4.4946288e-01
   4.4946295e-01
   4.4946295e-01
   4.4946295e-01
   4.4946296e-01
   4.4946296e-01
   4.4946301e-01
   4.4946323e-01
   4.4946339e-01
   4.4946348e-01
   4.4946354e-01
   4.4946354e-01
   4.4946355e-01
   4.4946355e-01
   4.4946355e-01
   4.4946364e-01
   4.4946371e-01
   4.4946371e-01
   4.4946375e-01
   4.4946376e-01
   4.4946376e-01
   4.4946376e-01
   4.4946376e-01
   4.4946386e-01
   4.4946394e-01
   4.4946394e-01
   4.4946397e-01
   4.4946397e-01
   4.4946397e-01
   4.4946397e-01
   4.4946397e-01
   4.4946397e-01
   4.4946404e-01
   4.4946404e-01
   4.4946404e-01
   4.4946404e-01
   4.4946404e-01
   4.4946404e-01
   4.4946404e-01
   4.4946404e-01
   4.4946411e-01
   4.4946411e-01
   4.4946411e-01
   4.4946411e-01
   4.4946411e-01
   4.4946411e-01
   4.4946411e-01
   4.4946411e-01
   4.4946413e-01
   4.4946415e-01
   4.4946420e-01
   4.4946424e-01
   4.4946427e-01
   4.4946429e-01
   4.4946432e-01
   4.4946432e-01
   4.4946433e-01
   4.4946433e-01
   4.4946433e-01
   4.4946433e-01
   4.4946435e-01
   4.4946439e-01
   4.4946446e-01
   4.4946446e-01
   4.4946446e-01
   4.4946451e-01
   4.4946456e-01
   4.4946456e-01
   4.4946461e-01
   4.4946461e-01
   4.4946462e-01
   4.4946465e-01
   4.4946469e-01
   4.4946473e-01
   4.4946475e-01
   4.4946476e-01
   4.4946478e-01
   4.4946478e-01
   4.4946482e-01
   4.4946482e-01
   4.4946487e-01
   4.4946487e-01
   4.4946487e-01
   4.4946487e-01
   4.4946487e-01
   4.4946494e-01
   4.4946494e-01
   4.4946496e-01
   4.4946496e-01
   4.4946501e-01
   4.4946501e-01
   4.4946501e-01
   4.4946508e-01
   4.4946508e-01
   4.4946508e-01
   4.4946508e-01
   4.4946508e-01
   4.4946508e-01
   4.4946508e-01
   4.4946508e-01
   4.4946508e-01
   4.4946515e-01
   4.4946518e-01
   4.4946518e-01
   4.4946518e-01
   4.4946518e-01
   4.4946520e-01
   4.4946520e-01
   4.4946520e-01
   4.4946520e-01
   4.4946520e-01
   4.4946522e-01
   4.4946522e-01
   4.4946522e-01
   4.4946522e-01
   4.4946523e-01
   4.4946525e-01
   4.4946525e-01
   4.4946525e-01
   4.4946525e-01
   4.4946525e-01
   4.4946525e-01
   4.4946540e-01
   4.4946540e-01
   4.4946544e-01
   4.4946544e-01
   4.4946544e-01
   4.4946544e-01
   4.4946544e-01
   4.4946544e-01
   4.4946544e-01
   4.4946544e-01
   4.4946550e-01
   4.4946551e-01
   4.4946551e-01
   4.4946552e-01
   4.4946552e-01
   4.4946552e-01
   4.4946552e-01
   4.4946552e-01
   4.4946552e-01
   4.4946552e-01
   4.4946557e-01
   4.4946557e-01
   4.4946557e-01
   4.4946557e-01
   4.4946557e-01
   4.4946557e-01
   4.4946557e-01
   4.4946561e-01
   4.4946564e-01
   4.4946564e-01
   4.4946564e-01
   4.4946564e-01
   4.4946564e-01
   4.4946564e-01
   4.4946564e-01
   4.4946564e-01
   4.4946567e-01
   4.4946567e-01
   4.4946567e-01
   4.4946568e-01
   4.4946568e-01
   4.4946568e-01
   4.4946568e-01
   4.4946568e-01
   4.4946568e-01
   4.4946568e-01
   4.4946568e-01
   4.4946568e-01
   4.4946568e-01
   4.4946568e-01
   4.4946568e-01
   4.4946568e-01
   4.4946568e-01
   4.4946568e-01
   4.4946568e-01
   4.4946568e-01
   4.4946568e-01
   4.4946568e-01
   4.4946568e-01
   4.4946568e-01
   4.4946568e-01
   4.4946568e-01
   4.4946569e-01
   4.4946569e-01
   4.4946569e-01
   4.4946570e-01
   4.4946571e-01
   4.4946571e-01
   4.4946571e-01
   4.4946571e-01
   4.4946571e-01
   4.4946571e-01
   4.4946572e-01
   4.4946572e-01
   4.4946572e-01
   4.4946573e-01
   4.4946573e-01
   4.4946573e-01
   4.4946574e-01
   4.4946575e-01
   4.4946575e-01
   4.4946576e-01
   4.4946576e-01
   4.4946576e-01
   4.4946582e-01
   4.4946582e-01
   4.4946593e-01
   4.4946593e-01
   4.4946597e-01
   4.4946598e-01
   4.4946607e-01
   4.4946621e-01
   4.4946621e-01
   4.4946621e-01
   4.4946634e-01
   4.4946662e-01
   4.4946675e-01
   4.4946675e-01
   4.4946675e-01
   4.4946675e-01
   4.4946675e-01
   4.4946675e-01
   4.4946675e-01
   4.4946675e-01
   4.4946679e-01
   4.4946679e-01
   4.4946679e-01
   4.4946679e-01
   4.4946679e-01
   4.4946679e-01
   4.4946679e-01
   4.4946679e-01
   4.4946679e-01
   4.4946679e-01
   4.4946679e-01
   4.4946679e-01
   4.4946679e-01
   4.4946679e-01
   4.4946679e-01
   4.4946679e-01
   4.4946679e-01
   4.4946679e-01
   4.4946679e-01
   4.4946679e-01
   4.4946679e-01
   4.4946679e-01
   4.4946679e-01
   4.4946679e-01
   4.4946679e-01
   4.4946679e-01
   4.4946680e-01
   4.4946680e-01
   4.4946680e-01
   4.4946680e-01
   4.4946680e-01
   4.4946680e-01
   4.4946680e-01
   4.4946680e-01
   4.4946680e-01
   4.4946680e-01
   4.4946681e-01
   4.4946681e-01
   4.4946681e-01
   4.4946681e-01
   4.4946681e-01
   4.4946681e-01
   4.4946681e-01
   4.4946681e-01
   4.4946681e-01
   4.4946681e-01
   4.4946681e-01
   4.4946681e-01
   4.4946681e-01
   4.4946681e-01
   4.4946681e-01
   4.4946681e-01
   4.4946681e-01
   4.4946681e-01
   4.4946681e-01
   4.4946681e-01
   4.4946681e-01
   4.4946683e-01
   4.4946683e-01
   4.4946684e-01
   4.4946684e-01
   4.4946684e-01
   4.4946685e-01
   4.4946685e-01
   4.4946685e-01
   4.4946685e-01
   4.4946685e-01
   4.4946685e-01
   4.4946685e-01
   4.4946685e-01
   4.4946685e-01
   4.4946685e-01
   4.4946685e-01
   4.4946685e-01
   4.4946686e-01
   4.4946687e-01
   4.4946687e-01
   4.4946687e-01
   4.4946687e-01
   4.4946687e-01
   4.4946687e-01
   4.4946687e-01
   4.4946687e-01
   4.4946687e-01
   4.4946688e-01
   4.4946688e-01
   4.4946688e-01
   4.4946688e-01
   4.4946688e-01
   4.4946688e-01
   4.4946688e-01
   4.4946688e-01
   4.4946688e-01
   4.4946688e-01
   4.4946688e-01
   4.4946688e-01
   4.4946688e-01
   4.4946688e-01
   4.4946688e-01
   4.4946688e-01
   4.4946688e-01
   4.4946688e-01
   4.4946688e-01
   4.4946688e-01
   4.4946688e-01
   4.4946688e-01
   4.4946688e-01
   4.4946688e-01
   4.4946688e-01
   4.4946688e-01
   4.4946688e-01
   4.4946688e-01
   4.4946688e-01
   4.4946688e-01
   4.4946688e-01
   4.4946688e-01
   4.4946688e-01
   4.4946689e-01
   4.4946689e-01
   4.4946689e-01
   4.4946689e-01
   4.4946689e-01
   4.4946689e-01
   4.4946689e-01
   4.4946689e-01
   4.4946689e-01
   4.4946689e-01
   4.4946689e-01
   4.4946690e-01
   4.4946690e-01
   4.4946690e-01
   4.4946690e-01
   4.4946690e-01
   4.4946690e-01
   4.4946690e-01
   4.4946690e-01
   4.4946690e-01
   4.4946690e-01
   4.4946690e-01
   4.4946690e-01
   4.4946690e-01
   4.4946690e-01
   4.4946690e-01
   4.4946690e-01
   4.4946690e-01
   4.4946690e-01
   4.4946690e-01
   4.4946690e-01
   4.4946690e-01
   4.4946690e-01
   4.4946690e-01
   4.4946690e-01
   4.4946690e-01
   4.4946690e-01
   4.4946690e-01
   4.4946690e-01
   4.4946690e-01
   4.4946690e-01
   4.4946690e-01
   4.4946690e-01
   4.4946690e-01
   4.4946690e-01
   4.4946690e-01
   4.4946690e-01
   4.4946690e-01
   4.4946690e-01
   4.4946690e-01
   4.4946690e-01
   4.4946690e-01
   4.4946690e-01
   4.4946690e-01
   4.4946690e-01
   4.4946690e-01
   4.4946690e-01
   4.4946690e-01
   4.4946690e-01
   4.4946690e-01
   4.4946690e-01
   4.4946690e-01
   4.4946690e-01
   4.4946690e-01
   4.4946690e-01
   4.4946690e-01
   4.4946690e-01
   4.4946690e-01
   4.4946690e-01
   4.4946690e-01
   4.4946690e-01
   4.4946690e-01
   4.4946690e-01
   4.4946690e-01
   4.4946690e-01
   4.4946690e-01
   4.4946690e-01
   4.4946690e-01
   4.4946690e-01
   4.4946690e-01
   4.4946690e-01
   4.4946690e-01
   4.4946690e-01
   4.4946690e-01
   4.4946690e-01
   4.4946690e-01
   4.4946690e-01
   4.4946690e-01
   4.4946690e-01
   4.4946690e-01
   4.4946690e-01
   4.4946690e-01
   4.4946690e-01
   4.4946690e-01
   4.4946690e-01
   4.4946690e-01
   4.4946690e-01
   4.4946690e-01
   4.4946690e-01
   4.4946690e-01
   4.4946690e-01
   4.4946690e-01
   4.4946691e-01
   4.4946691e-01
   4.4946691e-01
   4.4946691e-01
   4.4946691e-01
   4.4946691e-01
   4.4946691e-01
   4.4946691e-01
   4.4946691e-01
   4.4946692e-01
   4.4946692e-01
   4.4946692e-01
   4.4946692e-01
   4.4946692e-01
   4.4946692e-01
   4.4946692e-01
   4.4946692e-01
   4.4946692e-01
   4.4946692e-01
   4.4946692e-01
   4.4946692e-01
   4.4946692e-01
   4.4946692e-01
   4.4946692e-01
   4.4946692e-01
   4.4946692e-01
   4.4946692e-01
   4.4946692e-01
   4.4946692e-01
   4.4946692e-01
   4.4946692e-01
   4.4946692e-01
   4.4946692e-01
   4.4946692e-01
   4.4946692e-01
   4.4946692e-01
   4.4946692e-01
   4.4946692e-01
   4.4946692e-01
   4.4946692e-01
   4.4946692e-01
   4.4946692e-01
   4.4946692e-01
   4.4946692e-01
   4.4946692e-01
   4.4946692e-01
   4.4946692e-01
   4.4946692e-01
   4.4946692e-01
   4.4946692e-01
   4.4946692e-01
   4.4946693e-01
   4.4946693e-01
   4.4946693e-01
   4.4946693e-01
   4.4946693e-01
   4.4946693e-01
   4.4946693e-01
   4.4946693e-01
   4.4946693e-01
   4.4946693e-01
   4.4946693e-01
   4.4946693e-01
   4.4946693e-01
   4.4946693e-01
   4.4946693e-01
   4.4946693e-01
   4.4946693e-01
   4.4946693e-01
   4.4946693e-01
   4.4946693e-01
   4.4946693e-01
   4.4946693e-01
   4.4946693e-01
   4.4946693e-01
   4.4946693e-01
   4.4946693e-01
   4.4946693e-01
   4.4946693e-01
   4.4946693e-01
   4.4946693e-01
   4.4946693e-01
   4.4946693e-01
   4.4946693e-01
   4.4946693e-01
   4.4946693e-01
   4.4946693e-01
   4.4946693e-01
   4.4946693e-01
   4.4946693e-01
   4.4946693e-01
   4.4946693e-01
   4.4946693e-01
   4.4946693e-01
   4.4946693e-01
   4.4946693e-01
   4.4946693e-01
   4.4946693e-01
   4.4946693e-01
   4.4946693e-01
   4.4946693e-01
   4.4946693e-01
   4.4946693e-01
   4.4946693e-01
   4.4946693e-01
   4.4946693e-01
   4.4946693e-01
   4.4946693e-01
   4.4946693e-01
   4.4946693e-01
   4.4946693e-01
   4.4946693e-01
   4.4946693e-01
   4.4946693e-01
   4.4946693e-01
   4.4946693e-01
   4.4946693e-01
   4.4946693e-01
   4.4946693e-01
   4.4946693e-01
   4.4946693e-01
   4.4946693e-01
   4.4946693e-01
   4.4946693e-01
   4.4946693e-01
   4.4946693e-01
   4.4946693e-01
   4.4946693e-01
   4.4946693e-01
   4.4946693e-01
   4.4946693e-01
   4.4946693e-01
   4.4946693e-01
   4.4946693e-01
   4.4946693e-01
   4.4946693e-01
   4.4946693e-01
   4.4946693e-01
   4.4946693e-01
   4.4946693e-01
   4.4946693e-01
   4.4946693e-01
   4.4946693e-01
   4.4946693e-01
   4.4946693e-01
   4.4946693e-01
   4.4946693e-01
   4.4946693e-01
   4.4946693e-01
   4.4946693e-01
   4.4946693e-01
   4.4946693e-01
   4.4946693e-01
   4.4946693e-01
   4.4946693e-01
   4.4946693e-01
   4.4946693e-01
   4.4946693e-01
   4.4946693e-01
   4.4946693e-01
   4.4946693e-01
   4.4946693e-01
   4.4946693e-01
   4.4946693e-01
   4.4946693e-01
   4.4946693e-01
   4.4946693e-01
   4.4946693e-01
   4.4946693e-01
   4.4946693e-01
   4.4946693e-01
   4.4946693e-01
   4.4946693e-01
   4.4946693e-01
   4.4946693e-01
   4.4946693e-01
   4.4946693e-01
   4.4946693e-01
   4.4946693e-01
   4.4946693e-01
   4.4946693e-01
   4.4946693e-01
   4.4946693e-01
   4.4946693e-01
   4.4946693e-01
   4.4946693e-01
   4.4946693e-01
   4.4946693e-01
   4.4946693e-01
   4.4946693e-01
   4.4946693e-01
   4.4946693e-01
   4.4946693e-01
   4.4946693e-01
   4.4946693e-01
   4.4946693e-01
   4.4946693e-01
   4.4946693e-01
   4.4946693e-01
   4.4946693e-01
   4.4946693e-01
   4.4946693e-01
   4.4946694e-01
   4.4946694e-01
   4.4946694e-01
   4.4946694e-01
   4.4946694e-01
   4.4946694e-01
   4.4946694e-01
   4.4946694e-01
   4.4946694e-01
   4.4946694e-01
   4.4946694e-01
   4.4946694e-01
   4.4946694e-01
   4.4946694e-01
   4.4946694e-01
   4.4946694e-01
   4.4946694e-01
   4.4946694e-01
   4.4946694e-01
   4.4946694e-01
   4.4946694e-01
   4.4946694e-01
   4.4946694e-01
   4.4946694e-01
   4.4946694e-01
   4.4946694e-01
   4.4946694e-01
   4.4946694e-01
   4.4946694e-01
   4.4946694e-01
   4.4946694e-01
   4.4946694e-01
   4.4946694e-01
   4.4946694e-01
   4.4946694e-01
   4.4946694e-01
   4.4946694e-01
   4.4946694e-01
   4.4946694e-01
   4.4946694e-01
   4.4946694e-01
   4.4946694e-01
   4.4946694e-01
   4.4946694e-01
   4.4946694e-01
   4.4946694e-01
   4.4946694e-01
   4.4946694e-01
   4.4946694e-01
   4.4946694e-01
   4.4946694e-01
   4.4946694e-01
   4.4946694e-01
   4.4946694e-01
   4.4946694e-01
   4.4946694e-01
   4.4946694e-01
   4.4946694e-01
   4.4946694e-01
   4.4946694e-01
   4.4946694e-01
   4.4946695e-01
   4.4946695e-01
   4.4946695e-01
   4.4946695e-01
   4.4946695e-01
   4.4946695e-01
   4.4946695e-01
   4.4946695e-01
   4.4946696e-01
   4.4946696e-01
   4.4946696e-01
   4.4946696e-01
   4.4946696e-01
   4.4946696e-01
   4.4946696e-01
   4.4946696e-01
   4.4946696e-01
   4.4946696e-01
   4.4946696e-01
   4.4946696e-01
   4.4946696e-01
   4.4946696e-01
   4.4946696e-01
   4.4946696e-01
   4.4946696e-01
   4.4946696e-01
   4.4946696e-01
   4.4946696e-01
   4.4946696e-01
   4.4946696e-01
   4.4946696e-01
   4.4946696e-01
   4.4946696e-01
   4.4946696e-01
   4.4946696e-01
   4.4946696e-01
   4.4946696e-01
   4.4946696e-01
   4.4946696e-01
   4.4946696e-01
   4.4946696e-01
   4.4946696e-01
   4.4946696e-01
   4.4946696e-01
   4.4946696e-01
   4.4946696e-01
   4.4946696e-01
   4.4946696e-01
   4.4946696e-01
   4.4946696e-01
   4.4946696e-01
   4.4946696e-01
   4.4946696e-01
   4.4946696e-01
   4.4946696e-01
   4.4946696e-01
   4.4946696e-01
   4.4946696e-01
   4.4946696e-01
   4.4946696e-01
   4.4946696e-01
   4.4946696e-01
   4.4946696e-01
   4.4946696e-01
   4.4946696e-01
   4.4946696e-01
   4.4946696e-01
   4.4946696e-01
   4.4946696e-01
   4.4946696e-01
   4.4946696e-01
   4.4946696e-01
   4.4946696e-01
   4.4946696e-01
   4.4946696e-01
   4.4946696e-01
   4.4946697e-01
   4.4946697e-01
   4.4946697e-01
   4.4946697e-01
   4.4946697e-01
   4.4946697e-01
   4.4946697e-01
   4.4946697e-01
   4.4946697e-01
   4.4946697e-01
   4.4946697e-01
   4.4946697e-01
   4.4946697e-01
   4.4946697e-01
   4.4946697e-01
   4.4946697e-01
   4.4946697e-01
   4.4946697e-01
   4.4946697e-01
   4.4946697e-01
   4.4946697e-01
   4.4946697e-01
   4.4946697e-01
   4.4946697e-01
   4.4946697e-01
   4.4946697e-01
   4.4946697e-01
   4.4946697e-01
   4.4946697e-01
   4.4946697e-01
   4.4946697e-01
   4.4946697e-01
   4.4946697e-01
   4.4946697e-01
   4.4946697e-01
   4.4946697e-01
   4.4946697e-01
   4.4946697e-01
   4.4946697e-01
   4.4946697e-01
   4.4946697e-01
   4.4946697e-01
   4.4946697e-01
   4.4946697e-01
   4.4946697e-01
   4.4946697e-01
   4.4946697e-01
   4.4946697e-01
   4.4946697e-01
   4.4946697e-01
   4.4946697e-01
   4.4946697e-01
   4.4946697e-01
   4.4946697e-01
   4.4946697e-01
   4.4946697e-01
   4.4946697e-01
   4.4946697e-01
   4.4946697e-01
   4.4946697e-01
   4.4946697e-01
   4.4946697e-01
   4.4946697e-01
   4.4946697e-01
   4.4946697e-01
   4.4946697e-01
   4.4946697e-01
   4.4946697e-01
   4.4946697e-01
   4.4946697e-01
   4.4946697e-01
   4.4946697e-01
   4.4946697e-01
   4.4946697e-01
   4.4946697e-01
   4.4946697e-01
   4.4946697e-01
   4.4946697e-01
   4.4946697e-01
   4.4946697e-01
   4.4946697e-01
   4.4946697e-01
   4.4946697e-01
   4.4946697e-01
   4.4946697e-01
   4.4946697e-01
   4.4946697e-01
   4.4946697e-01
   4.4946697e-01
   4.4946697e-01
   4.4946697e-01
   4.4946697e-01
   4.4946697e-01
   4.4946697e-01
   4.4946697e-01
   4.4946697e-01
   4.4946697e-01
   4.4946697e-01
   4.4946697e-01
   4.4946697e-01
   4.4946697e-01
   4.4946697e-01
   4.4946697e-01
   4.4946697e-01
   4.4946697e-01
   4.4946697e-01
   4.4946697e-01
   4.4946697e-01
   4.4946697e-01
   4.4946697e-01
   4.4946697e-01
   4.4946697e-01
   4.4946697e-01
   4.4946697e-01
   4.4946697e-01
   4.4946697e-01
   4.4946697e-01
   4.4946697e-01
   4.4946697e-01
   4.4946697e-01
   4.4946697e-01
   4.4946697e-01
   4.4946697e-01
   4.4946697e-01
   4.4946697e-01
   4.4946697e-01
   4.4946697e-01
   4.4946697e-01
   4.4946697e-01
   4.4946697e-01
   4.4946697e-01
   4.4946697e-01
   4.4946697e-01
   4.4946697e-01
   4.4946697e-01
   4.4946697e-01
   4.4946697e-01
   4.4946697e-01
   4.4946697e-01
   4.4946697e-01
   4.4946697e-01
   4.4946697e-01
   4.4946697e-01
   4.4946697e-01
   4.4946697e-01
   4.4946697e-01
   4.4946697e-01
   4.4946697e-01
   4.4946697e-01
   4.4946697e-01
   4.4946697e-01
   4.4946697e-01
   4.4946697e-01
   4.4946697e-01
   4.4946697e-01
   4.4946697e-01
   4.4946697e-01
   4.4946697e-01
   4.4946697e-01
   4.4946697e-01
   4.4946697e-01
   4.4946697e-01
   4.4946697e-01
   4.4946697e-01
   4.4946697e-01
   4.4946697e-01
   4.4946697e-01
   4.4946697e-01
   4.4946697e-01
   4.4946697e-01
   4.4946697e-01
   4.4946697e-01
   4.4946697e-01
   4.4946697e-01
   4.4946697e-01
   4.4946697e-01
   4.4946697e-01
   4.4946697e-01
   4.4946697e-01
   4.4946697e-01
   4.4946697e-01
   4.4946697e-01
   4.4946697e-01
   4.4946697e-01
   4.4946697e-01
   4.4946697e-01
   4.4946697e-01
   4.4946697e-01
   4.4946697e-01
   4.4946697e-01
   4.4946697e-01
   4.4946697e-01
   4.4946697e-01
   4.4946697e-01
   4.4946697e-01
   4.4946697e-01
   4.4946697e-01
   4.4946697e-01
   4.4946697e-01
   4.4946697e-01
   4.4946697e-01
   4.4946697e-01
   4.4946697e-01
   4.4946697e-01
   4.4946697e-01
   4.4946697e-01
   4.4946697e-01
   4.4946697e-01
   4.4946697e-01
   4.4946697e-01
   4.4946697e-01
   4.4946697e-01
   4.4946697e-01
   4.4946697e-01
   4.4946697e-01
   4.4946697e-01
   4.4946697e-01
   4.4946697e-01
   4.4946697e-01
   4.4946697e-01
   4.4946697e-01
   4.4946697e-01
   4.4946697e-01
   4.4946697e-01
   4.4946697e-01
   4.4946697e-01
   4.4946697e-01
   4.4946697e-01
   4.4946697e-01
   4.4946697e-01
   4.4946697e-01
   4.4946697e-01
   4.4946697e-01
   4.4946697e-01
   4.4946697e-01
   4.4946697e-01
   4.4946697e-01
   4.4946697e-01
   4.4946697e-01
   4.4946697e-01
   4.4946697e-01
   4.4946697e-01
   4.4946697e-01
   4.4946697e-01
   4.4946697e-01
