   2.4310595e-04
   2.4310595e-04
   2.3590395e-04
   2.1890413e-04
   2.0547509e-04
   1.9259705e-04
   1.9069066e-04
   1.8612309e-04
   1.8612309e-04
   1.8236241e-04
   1.7352692e-04
   1.6160759e-04
   1.6049857e-04
   1.5118734e-04
   1.4260021e-04
   1.4260021e-04
   1.3875026e-04
   1.3228040e-04
   1.2728189e-04
   1.1882260e-04
   1.1882260e-04
   1.1882260e-04
   1.1661226e-04
   1.1402990e-04
   1.1248048e-04
   1.0808113e-04
   1.0537866e-04
   1.0321786e-04
   1.0023192e-04
   9.6281901e-05
   9.6281901e-05
   9.3588048e-05
   9.2171761e-05
   9.2171761e-05
   8.8626596e-05
   8.8626596e-05
   8.8626596e-05
   8.8626596e-05
   8.8014470e-05
   8.7337983e-05
   8.6313965e-05
   8.5916752e-05
   8.2438073e-05
   8.2438073e-05
   8.2438073e-05
   8.0531888e-05
   8.0531888e-05
   8.0531888e-05
   7.7363427e-05
   7.7363427e-05
   7.7363427e-05
   7.7363427e-05
   7.7363427e-05
   7.7040950e-05
   7.7040950e-05
   7.7040950e-05
   7.7040950e-05
   7.6132885e-05
   7.6132885e-05
   7.5564461e-05
   7.5564461e-05
   7.5564461e-05
   7.5564461e-05
   7.3518650e-05
   7.2450039e-05
   7.2301208e-05
   7.2301208e-05
   7.2301208e-05
   7.0123468e-05
   6.6800317e-05
   6.6800317e-05
   6.6800317e-05
   6.6800317e-05
   6.6455620e-05
   6.5499473e-05
   6.5499473e-05
   6.5499473e-05
   6.5499473e-05
   6.5499473e-05
   6.5258833e-05
   6.5258833e-05
   6.5258833e-05
   6.4504021e-05
   6.4136765e-05
   6.4136765e-05
   6.4136765e-05
   6.4136765e-05
   6.3011285e-05
   6.3011285e-05
   6.3011285e-05
   6.3011285e-05
   6.3011285e-05
   6.2625751e-05
   6.1396030e-05
   6.1396030e-05
   6.1396030e-05
   6.1000026e-05
   6.1000026e-05
   6.1000026e-05
   6.0880325e-05
   6.0880325e-05
   6.0880325e-05
   6.0880325e-05
   6.0097191e-05
   6.0097191e-05
   5.9731595e-05
   5.9731595e-05
   5.9731595e-05
   5.9731595e-05
   5.9731595e-05
   5.9731595e-05
   5.9731595e-05
   5.9731595e-05
   5.9731595e-05
   5.9359346e-05
   5.9190029e-05
   5.9190029e-05
   5.9190029e-05
   5.9190029e-05
   5.8631865e-05
   5.8068029e-05
   5.8068029e-05
   5.8068029e-05
   5.8068029e-05
   5.7788415e-05
   5.7788415e-05
   5.7788415e-05
   5.7730009e-05
   5.7672069e-05
   5.7672069e-05
   5.7672069e-05
   5.7645385e-05
   5.7645385e-05
   5.7070700e-05
   5.7070700e-05
   5.7070700e-05
   5.7070700e-05
   5.7070700e-05
   5.6915530e-05
   5.6915530e-05
   5.6915530e-05
   5.6915530e-05
   5.6767449e-05
   5.6767449e-05
   5.6767449e-05
   5.6767449e-05
   5.6767449e-05
   5.6242163e-05
   5.6242163e-05
   5.6105769e-05
   5.6105769e-05
   5.6105769e-05
   5.6105769e-05
   5.5906410e-05
   5.5906410e-05
   5.5906410e-05
   5.5906410e-05
   5.5837252e-05
   5.5837252e-05
   5.5837252e-05
   5.5791691e-05
   5.5737127e-05
   5.5737127e-05
   5.5730137e-05
   5.5730137e-05
   5.5730137e-05
   5.5692823e-05
   5.5692823e-05
   5.5647939e-05
   5.5647939e-05
   5.5647939e-05
   5.5564455e-05
   5.5551049e-05
   5.5551049e-05
   5.5551049e-05
   5.5510407e-05
   5.5510407e-05
   5.5510407e-05
   5.5510407e-05
   5.5510407e-05
   5.5510407e-05
   5.5495801e-05
   5.5495801e-05
   5.5478975e-05
   5.5441865e-05
   5.5371276e-05
   5.5371276e-05
   5.5371276e-05
   5.5371276e-05
   5.5371276e-05
   5.5367130e-05
   5.5109473e-05
   5.5109473e-05
   5.5098811e-05
   5.5098811e-05
   5.5098811e-05
   5.5078651e-05
   5.5078651e-05
   5.5078651e-05
   5.5031820e-05
   5.5013682e-05
   5.4874037e-05
   5.4874037e-05
   5.4874037e-05
   5.4874037e-05
   5.4874037e-05
   5.4849979e-05
   5.4849979e-05
   5.4849979e-05
   5.4840585e-05
   5.4840585e-05
   5.4840585e-05
   5.4840585e-05
   5.4840585e-05
   5.4840408e-05
   5.4812630e-05
   5.4782496e-05
   5.4779530e-05
   5.4779530e-05
   5.4771122e-05
   5.4733547e-05
   5.4733547e-05
   5.4720731e-05
   5.4720731e-05
   5.4696798e-05
   5.4680855e-05
   5.4680855e-05
   5.4680855e-05
   5.4680855e-05
   5.4676959e-05
   5.4676959e-05
   5.4672438e-05
   5.4672438e-05
   5.4661669e-05
   5.4658188e-05
   5.4650001e-05
   5.4649297e-05
   5.4632838e-05
   5.4618790e-05
   5.4618790e-05
   5.4608517e-05
   5.4596781e-05
   5.4596781e-05
   5.4596781e-05
   5.4596781e-05
   5.4589972e-05
   5.4589972e-05
   5.4589972e-05
   5.4582384e-05
   5.4577382e-05
   5.4577382e-05
   5.4573936e-05
   5.4573936e-05
   5.4573936e-05
   5.4573936e-05
   5.4573936e-05
   5.4571527e-05
   5.4571527e-05
   5.4557284e-05
   5.4557284e-05
   5.4557284e-05
   5.4557284e-05
   5.4557284e-05
   5.4557284e-05
   5.4557284e-05
   5.4548625e-05
   5.4548625e-05
   5.4547362e-05
   5.4547362e-05
   5.4547362e-05
   5.4545123e-05
   5.4541718e-05
   5.4541718e-05
   5.4541718e-05
   5.4539133e-05
   5.4527881e-05
   5.4520914e-05
   5.4520914e-05
   5.4520914e-05
   5.4520914e-05
   5.4520914e-05
   5.4520811e-05
   5.4520118e-05
   5.4517810e-05
   5.4517810e-05
   5.4517810e-05
   5.4517810e-05
   5.4517810e-05
   5.4517810e-05
   5.4517810e-05
   5.4517810e-05
   5.4517810e-05
   5.4517810e-05
   5.4516060e-05
   5.4514847e-05
   5.4510932e-05
   5.4510482e-05
   5.4504704e-05
   5.4503917e-05
   5.4503917e-05
   5.4496911e-05
   5.4496911e-05
   5.4496911e-05
   5.4496911e-05
   5.4494414e-05
   5.4491391e-05
   5.4491391e-05
   5.4491391e-05
   5.4491391e-05
   5.4491067e-05
   5.4491067e-05
   5.4485009e-05
   5.4481529e-05
   5.4477401e-05
   5.4477401e-05
   5.4477401e-05
   5.4477401e-05
   5.4472986e-05
   5.4472986e-05
   5.4472986e-05
   5.4472583e-05
   5.4465641e-05
   5.4465641e-05
   5.4465641e-05
   5.4465641e-05
   5.4465641e-05
   5.4463013e-05
   5.4463013e-05
   5.4463013e-05
   5.4463013e-05
   5.4463013e-05
   5.4454091e-05
   5.4454091e-05
   5.4454091e-05
   5.4454091e-05
   5.4454091e-05
   5.4454091e-05
   5.4452528e-05
   5.4452528e-05
   5.4452528e-05
   5.4452528e-05
   5.4452528e-05
   5.4452528e-05
   5.4452528e-05
   5.4452528e-05
   5.4452528e-05
   5.4452528e-05
   5.4452019e-05
   5.4452019e-05
   5.4450198e-05
   5.4450198e-05
   5.4450198e-05
   5.4450198e-05
   5.4450198e-05
   5.4447614e-05
   5.4444021e-05
   5.4444021e-05
   5.4443032e-05
   5.4443032e-05
   5.4443032e-05
   5.4442296e-05
   5.4442296e-05
   5.4442251e-05
   5.4442251e-05
   5.4442251e-05
   5.4442050e-05
   5.4442050e-05
   5.4441951e-05
   5.4441951e-05
   5.4441951e-05
   5.4441805e-05
   5.4441436e-05
   5.4441436e-05
   5.4441436e-05
   5.4441436e-05
   5.4441436e-05
   5.4441436e-05
   5.4441133e-05
   5.4440620e-05
   5.4439920e-05
   5.4439500e-05
   5.4439248e-05
   5.4438278e-05
   5.4438278e-05
   5.4438145e-05
   5.4438145e-05
   5.4438145e-05
   5.4438145e-05
   5.4437782e-05
   5.4437782e-05
   5.4437782e-05
   5.4437782e-05
   5.4437782e-05
   5.4437782e-05
   5.4437782e-05
   5.4436923e-05
   5.4436400e-05
   5.4436400e-05
   5.4435618e-05
   5.4435135e-05
   5.4435135e-05
   5.4435135e-05
   5.4435135e-05
   5.4435135e-05
   5.4435135e-05
   5.4435135e-05
   5.4435135e-05
   5.4435135e-05
   5.4435135e-05
   5.4435135e-05
   5.4435135e-05
   5.4435135e-05
   5.4435135e-05
   5.4431078e-05
   5.4431078e-05
   5.4431078e-05
   5.4431078e-05
   5.4431078e-05
   5.4431078e-05
   5.4431078e-05
   5.4431078e-05
   5.4431078e-05
   5.4431078e-05
   5.4431078e-05
   5.4431078e-05
   5.4430767e-05
   5.4430263e-05
   5.4430263e-05
   5.4430263e-05
   5.4429978e-05
   5.4429978e-05
   5.4429978e-05
   5.4429978e-05
   5.4429978e-05
   5.4429756e-05
   5.4429756e-05
   5.4429756e-05
   5.4429756e-05
   5.4429756e-05
   5.4429756e-05
   5.4429753e-05
   5.4429752e-05
   5.4429752e-05
   5.4429752e-05
   5.4429752e-05
   5.4429752e-05
   5.4429752e-05
   5.4429751e-05
   5.4429294e-05
   5.4429294e-05
   5.4429294e-05
   5.4428355e-05
   5.4428355e-05
   5.4428355e-05
   5.4428355e-05
   5.4428355e-05
   5.4428355e-05
   5.4428355e-05
   5.4428355e-05
   5.4428355e-05
   5.4427548e-05
   5.4427548e-05
   5.4427548e-05
   5.4427548e-05
   5.4427548e-05
   5.4427548e-05
   5.4427548e-05
   5.4427548e-05
   5.4427363e-05
   5.4427204e-05
   5.4427204e-05
   5.4427204e-05
   5.4427156e-05
   5.4427156e-05
   5.4427156e-05
   5.4427156e-05
   5.4427156e-05
   5.4427156e-05
   5.4427156e-05
   5.4427156e-05
   5.4427156e-05
   5.4427156e-05
   5.4427143e-05
   5.4427143e-05
   5.4427143e-05
   5.4427143e-05
   5.4426977e-05
   5.4426849e-05
   5.4426679e-05
   5.4426487e-05
   5.4426487e-05
   5.4426487e-05
   5.4426487e-05
   5.4426428e-05
   5.4426428e-05
   5.4426239e-05
   5.4426239e-05
   5.4426239e-05
   5.4426173e-05
   5.4425764e-05
   5.4425764e-05
   5.4425764e-05
   5.4425764e-05
   5.4425764e-05
   5.4425764e-05
   5.4425764e-05
   5.4425764e-05
   5.4425764e-05
   5.4425452e-05
   5.4425452e-05
   5.4425452e-05
   5.4425452e-05
   5.4425452e-05
   5.4425452e-05
   5.4425452e-05
   5.4425452e-05
   5.4425452e-05
   5.4425452e-05
   5.4425452e-05
   5.4425220e-05
   5.4425191e-05
   5.4425191e-05
   5.4425188e-05
   5.4425188e-05
   5.4425188e-05
   5.4425186e-05
   5.4425106e-05
   5.4425106e-05
   5.4425106e-05
   5.4425106e-05
   5.4425106e-05
   5.4425093e-05
   5.4425093e-05
   5.4425093e-05
   5.4425048e-05
   5.4425048e-05
   5.4425048e-05
   5.4425022e-05
   5.4425022e-05
   5.4425022e-05
   5.4425022e-05
   5.4425022e-05
   5.4425022e-05
   5.4425022e-05
   5.4425022e-05
   5.4425018e-05
   5.4424997e-05
   5.4424765e-05
   5.4424765e-05
   5.4424765e-05
   5.4424765e-05
   5.4424657e-05
   5.4424590e-05
   5.4424550e-05
   5.4424550e-05
   5.4424550e-05
   5.4424550e-05
   5.4424529e-05
   5.4424517e-05
   5.4424509e-05
   5.4424505e-05
   5.4424502e-05
   5.4424493e-05
   5.4424439e-05
   5.4424439e-05
   5.4424439e-05
   5.4424426e-05
   5.4424426e-05
   5.4424426e-05
   5.4424398e-05
   5.4424374e-05
   5.4424360e-05
   5.4424351e-05
   5.4424346e-05
   5.4424269e-05
   5.4424269e-05
   5.4424269e-05
   5.4424269e-05
   5.4424269e-05
   5.4424259e-05
   5.4424259e-05
   5.4424251e-05
   5.4424251e-05
   5.4424251e-05
   5.4424236e-05
   5.4424231e-05
   5.4424219e-05
   5.4424212e-05
   5.4424208e-05
   5.4424205e-05
   5.4424203e-05
   5.4424203e-05
   5.4424202e-05
   5.4424202e-05
   5.4424184e-05
   5.4424184e-05
   5.4424179e-05
   5.4424164e-05
   5.4424153e-05
   5.4424145e-05
   5.4424131e-05
   5.4424131e-05
   5.4424045e-05
   5.4424045e-05
   5.4424017e-05
   5.4424017e-05
   5.4423613e-05
   5.4423613e-05
   5.4423613e-05
   5.4423613e-05
   5.4423351e-05
   5.4423351e-05
   5.4423351e-05
   5.4423351e-05
   5.4423351e-05
   5.4423351e-05
   5.4423351e-05
   5.4423351e-05
   5.4423351e-05
   5.4423351e-05
   5.4423351e-05
   5.4423351e-05
   5.4423351e-05
   5.4423351e-05
   5.4423351e-05
   5.4423351e-05
   5.4423351e-05
   5.4423351e-05
   5.4423351e-05
   5.4423351e-05
   5.4423312e-05
   5.4423274e-05
   5.4423251e-05
   5.4423237e-05
   5.4423229e-05
   5.4423224e-05
   5.4423221e-05
   5.4423219e-05
   5.4423218e-05
   5.4423101e-05
   5.4423101e-05
   5.4423101e-05
   5.4423101e-05
   5.4423101e-05
   5.4423101e-05
   5.4423101e-05
   5.4423101e-05
   5.4423101e-05
   5.4423101e-05
   5.4423101e-05
   5.4423101e-05
   5.4423073e-05
   5.4423016e-05
   5.4422961e-05
   5.4422961e-05
   5.4422961e-05
   5.4422899e-05
   5.4422899e-05
   5.4422899e-05
   5.4422899e-05
   5.4422899e-05
   5.4422899e-05
   5.4422899e-05
   5.4422887e-05
   5.4422873e-05
   5.4422873e-05
   5.4422864e-05
   5.4422864e-05
   5.4422864e-05
   5.4422864e-05
   5.4422852e-05
   5.4422812e-05
   5.4422812e-05
   5.4422812e-05
   5.4422812e-05
   5.4422812e-05
   5.4422812e-05
   5.4422812e-05
   5.4422812e-05
   5.4422771e-05
   5.4422684e-05
   5.4422684e-05
   5.4422684e-05
   5.4422684e-05
   5.4422684e-05
   5.4422638e-05
   5.4422638e-05
   5.4422638e-05
   5.4422638e-05
   5.4422638e-05
   5.4422638e-05
   5.4422638e-05
   5.4422638e-05
   5.4422638e-05
   5.4422638e-05
   5.4422638e-05
   5.4422638e-05
   5.4422638e-05
   5.4422638e-05
   5.4422636e-05
   5.4422636e-05
   5.4422409e-05
   5.4422409e-05
   5.4422392e-05
   5.4422392e-05
   5.4422345e-05
   5.4422298e-05
   5.4422269e-05
   5.4422269e-05
   5.4422269e-05
   5.4422269e-05
   5.4422269e-05
   5.4422269e-05
   5.4422222e-05
   5.4422222e-05
   5.4422222e-05
   5.4422137e-05
   5.4422137e-05
   5.4422137e-05
   5.4422137e-05
   5.4422137e-05
   5.4422137e-05
   5.4422137e-05
   5.4422137e-05
   5.4422137e-05
   5.4422137e-05
   5.4422108e-05
   5.4422108e-05
   5.4422108e-05
   5.4422107e-05
   5.4422107e-05
   5.4422107e-05
   5.4422107e-05
   5.4422079e-05
   5.4422079e-05
   5.4422079e-05
   5.4422064e-05
   5.4422064e-05
   5.4422051e-05
   5.4422033e-05
   5.4422025e-05
   5.4422016e-05
   5.4422015e-05
   5.4422015e-05
   5.4422015e-05
   5.4422003e-05
   5.4422003e-05
   5.4421999e-05
   5.4421999e-05
   5.4421994e-05
   5.4421994e-05
   5.4421989e-05
   5.4421989e-05
   5.4421989e-05
   5.4421985e-05
   5.4421983e-05
   5.4421983e-05
   5.4421983e-05
   5.4421983e-05
   5.4421983e-05
   5.4421983e-05
   5.4421982e-05
   5.4421982e-05
   5.4421982e-05
   5.4421982e-05
   5.4421981e-05
   5.4421981e-05
   5.4421981e-05
   5.4421977e-05
   5.4421965e-05
   5.4421955e-05
   5.4421955e-05
   5.4421947e-05
   5.4421947e-05
   5.4421947e-05
   5.4421946e-05
   5.4421946e-05
   5.4421941e-05
   5.4421920e-05
   5.4421904e-05
   5.4421895e-05
   5.4421889e-05
   5.4421889e-05
   5.4421889e-05
   5.4421889e-05
   5.4421889e-05
   5.4421879e-05
   5.4421873e-05
   5.4421873e-05
   5.4421868e-05
   5.4421868e-05
   5.4421867e-05
   5.4421867e-05
   5.4421867e-05
   5.4421858e-05
   5.4421849e-05
   5.4421849e-05
   5.4421847e-05
   5.4421847e-05
   5.4421847e-05
   5.4421847e-05
   5.4421847e-05
   5.4421847e-05
   5.4421840e-05
   5.4421840e-05
   5.4421840e-05
   5.4421840e-05
   5.4421840e-05
   5.4421840e-05
   5.4421840e-05
   5.4421840e-05
   5.4421832e-05
   5.4421832e-05
   5.4421832e-05
   5.4421832e-05
   5.4421832e-05
   5.4421832e-05
   5.4421832e-05
   5.4421832e-05
   5.4421831e-05
   5.4421829e-05
   5.4421824e-05
   5.4421820e-05
   5.4421817e-05
   5.4421815e-05
   5.4421812e-05
   5.4421812e-05
   5.4421811e-05
   5.4421811e-05
   5.4421811e-05
   5.4421811e-05
   5.4421809e-05
   5.4421805e-05
   5.4421798e-05
   5.4421798e-05
   5.4421798e-05
   5.4421794e-05
   5.4421788e-05
   5.4421788e-05
   5.4421783e-05
   5.4421783e-05
   5.4421782e-05
   5.4421779e-05
   5.4421776e-05
   5.4421772e-05
   5.4421770e-05
   5.4421768e-05
   5.4421766e-05
   5.4421766e-05
   5.4421763e-05
   5.4421763e-05
   5.4421758e-05
   5.4421758e-05
   5.4421758e-05
   5.4421758e-05
   5.4421758e-05
   5.4421751e-05
   5.4421751e-05
   5.4421749e-05
   5.4421749e-05
   5.4421743e-05
   5.4421743e-05
   5.4421743e-05
   5.4421737e-05
   5.4421737e-05
   5.4421737e-05
   5.4421737e-05
   5.4421737e-05
   5.4421737e-05
   5.4421737e-05
   5.4421737e-05
   5.4421737e-05
   5.4421730e-05
   5.4421727e-05
   5.4421727e-05
   5.4421727e-05
   5.4421727e-05
   5.4421725e-05
   5.4421725e-05
   5.4421725e-05
   5.4421725e-05
   5.4421725e-05
   5.4421723e-05
   5.4421723e-05
   5.4421723e-05
   5.4421723e-05
   5.4421722e-05
   5.4421720e-05
   5.4421720e-05
   5.4421720e-05
   5.4421720e-05
   5.4421720e-05
   5.4421720e-05
   5.4421705e-05
   5.4421705e-05
   5.4421702e-05
   5.4421702e-05
   5.4421702e-05
   5.4421702e-05
   5.4421702e-05
   5.4421702e-05
   5.4421702e-05
   5.4421702e-05
   5.4421696e-05
   5.4421694e-05
   5.4421694e-05
   5.4421694e-05
   5.4421694e-05
   5.4421694e-05
   5.4421694e-05
   5.4421694e-05
   5.4421694e-05
   5.4421693e-05
   5.4421688e-05
   5.4421688e-05
   5.4421688e-05
   5.4421688e-05
   5.4421688e-05
   5.4421688e-05
   5.4421688e-05
   5.4421685e-05
   5.4421682e-05
   5.4421682e-05
   5.4421682e-05
   5.4421682e-05
   5.4421682e-05
   5.4421682e-05
   5.4421682e-05
   5.4421682e-05
   5.4421679e-05
   5.4421679e-05
   5.4421679e-05
   5.4421678e-05
   5.4421678e-05
   5.4421678e-05
   5.4421678e-05
   5.4421678e-05
   5.4421678e-05
   5.4421678e-05
   5.4421678e-05
   5.4421678e-05
   5.4421678e-05
   5.4421678e-05
   5.4421678e-05
   5.4421678e-05
   5.4421678e-05
   5.4421678e-05
   5.4421678e-05
   5.4421678e-05
   5.4421678e-05
   5.4421678e-05
   5.4421678e-05
   5.4421678e-05
   5.4421678e-05
   5.4421677e-05
   5.4421677e-05
   5.4421677e-05
   5.4421677e-05
   5.4421676e-05
   5.4421675e-05
   5.4421675e-05
   5.4421675e-05
   5.4421675e-05
   5.4421675e-05
   5.4421674e-05
   5.4421674e-05
   5.4421674e-05
   5.4421674e-05
   5.4421673e-05
   5.4421672e-05
   5.4421672e-05
   5.4421672e-05
   5.4421671e-05
   5.4421671e-05
   5.4421670e-05
   5.4421669e-05
   5.4421669e-05
   5.4421664e-05
   5.4421664e-05
   5.4421652e-05
   5.4421652e-05
   5.4421649e-05
   5.4421648e-05
   5.4421639e-05
   5.4421625e-05
   5.4421625e-05
   5.4421625e-05
   5.4421612e-05
   5.4421584e-05
   5.4421572e-05
   5.4421572e-05
   5.4421572e-05
   5.4421572e-05
   5.4421572e-05
   5.4421572e-05
   5.4421572e-05
   5.4421572e-05
   5.4421568e-05
   5.4421568e-05
   5.4421568e-05
   5.4421568e-05
   5.4421568e-05
   5.4421568e-05
   5.4421568e-05
   5.4421568e-05
   5.4421568e-05
   5.4421568e-05
   5.4421568e-05
   5.4421568e-05
   5.4421568e-05
   5.4421568e-05
   5.4421568e-05
   5.4421568e-05
   5.4421568e-05
   5.4421568e-05
   5.4421568e-05
   5.4421568e-05
   5.4421568e-05
   5.4421568e-05
   5.4421568e-05
   5.4421568e-05
   5.4421568e-05
   5.4421568e-05
   5.4421567e-05
   5.4421567e-05
   5.4421567e-05
   5.4421567e-05
   5.4421567e-05
   5.4421567e-05
   5.4421567e-05
   5.4421567e-05
   5.4421567e-05
   5.4421567e-05
   5.4421566e-05
   5.4421566e-05
   5.4421566e-05
   5.4421566e-05
   5.4421566e-05
   5.4421566e-05
   5.4421566e-05
   5.4421566e-05
   5.4421566e-05
   5.4421566e-05
   5.4421566e-05
   5.4421566e-05
   5.4421566e-05
   5.4421566e-05
   5.4421566e-05
   5.4421566e-05
   5.4421566e-05
   5.4421566e-05
   5.4421566e-05
   5.4421566e-05
   5.4421565e-05
   5.4421564e-05
   5.4421564e-05
   5.4421563e-05
   5.4421563e-05
   5.4421563e-05
   5.4421562e-05
   5.4421562e-05
   5.4421562e-05
   5.4421562e-05
   5.4421562e-05
   5.4421562e-05
   5.4421562e-05
   5.4421562e-05
   5.4421562e-05
   5.4421562e-05
   5.4421562e-05
   5.4421562e-05
   5.4421561e-05
   5.4421561e-05
   5.4421560e-05
   5.4421560e-05
   5.4421560e-05
   5.4421560e-05
   5.4421560e-05
   5.4421560e-05
   5.4421560e-05
   5.4421560e-05
   5.4421559e-05
   5.4421559e-05
   5.4421559e-05
   5.4421559e-05
   5.4421559e-05
   5.4421559e-05
   5.4421559e-05
   5.4421559e-05
   5.4421559e-05
   5.4421559e-05
   5.4421559e-05
   5.4421559e-05
   5.4421559e-05
   5.4421559e-05
   5.4421559e-05
   5.4421559e-05
   5.4421559e-05
   5.4421559e-05
   5.4421559e-05
   5.4421559e-05
   5.4421559e-05
   5.4421559e-05
   5.4421559e-05
   5.4421559e-05
   5.4421559e-05
   5.4421559e-05
   5.4421559e-05
   5.4421559e-05
   5.4421559e-05
   5.4421559e-05
   5.4421559e-05
   5.4421559e-05
   5.4421559e-05
   5.4421558e-05
   5.4421558e-05
   5.4421558e-05
   5.4421558e-05
   5.4421558e-05
   5.4421558e-05
   5.4421558e-05
   5.4421558e-05
   5.4421558e-05
   5.4421558e-05
   5.4421558e-05
   5.4421557e-05
   5.4421557e-05
   5.4421557e-05
   5.4421557e-05
   5.4421557e-05
   5.4421557e-05
   5.4421557e-05
   5.4421557e-05
   5.4421557e-05
   5.4421557e-05
   5.4421557e-05
   5.4421557e-05
   5.4421557e-05
   5.4421557e-05
   5.4421557e-05
   5.4421557e-05
   5.4421557e-05
   5.4421557e-05
   5.4421557e-05
   5.4421557e-05
   5.4421557e-05
   5.4421557e-05
   5.4421557e-05
   5.4421557e-05
   5.4421557e-05
   5.4421557e-05
   5.4421557e-05
   5.4421557e-05
   5.4421557e-05
   5.4421557e-05
   5.4421557e-05
   5.4421557e-05
   5.4421557e-05
   5.4421557e-05
   5.4421557e-05
   5.4421557e-05
   5.4421557e-05
   5.4421557e-05
   5.4421557e-05
   5.4421557e-05
   5.4421557e-05
   5.4421557e-05
   5.4421557e-05
   5.4421557e-05
   5.4421557e-05
   5.4421557e-05
   5.4421557e-05
   5.4421557e-05
   5.4421557e-05
   5.4421557e-05
   5.4421557e-05
   5.4421557e-05
   5.4421557e-05
   5.4421557e-05
   5.4421557e-05
   5.4421557e-05
   5.4421557e-05
   5.4421557e-05
   5.4421557e-05
   5.4421557e-05
   5.4421557e-05
   5.4421557e-05
   5.4421557e-05
   5.4421557e-05
   5.4421557e-05
   5.4421557e-05
   5.4421557e-05
   5.4421557e-05
   5.4421557e-05
   5.4421557e-05
   5.4421557e-05
   5.4421557e-05
   5.4421557e-05
   5.4421557e-05
   5.4421557e-05
   5.4421557e-05
   5.4421557e-05
   5.4421557e-05
   5.4421557e-05
   5.4421557e-05
   5.4421557e-05
   5.4421557e-05
   5.4421557e-05
   5.4421557e-05
   5.4421557e-05
   5.4421557e-05
   5.4421557e-05
   5.4421557e-05
   5.4421557e-05
   5.4421557e-05
   5.4421557e-05
   5.4421557e-05
   5.4421556e-05
   5.4421556e-05
   5.4421556e-05
   5.4421556e-05
   5.4421556e-05
   5.4421556e-05
   5.4421556e-05
   5.4421556e-05
   5.4421556e-05
   5.4421556e-05
   5.4421555e-05
   5.4421555e-05
   5.4421555e-05
   5.4421555e-05
   5.4421555e-05
   5.4421555e-05
   5.4421555e-05
   5.4421555e-05
   5.4421555e-05
   5.4421555e-05
   5.4421555e-05
   5.4421555e-05
   5.4421555e-05
   5.4421555e-05
   5.4421555e-05
   5.4421555e-05
   5.4421555e-05
   5.4421555e-05
   5.4421555e-05
   5.4421555e-05
   5.4421555e-05
   5.4421555e-05
   5.4421555e-05
   5.4421555e-05
   5.4421555e-05
   5.4421555e-05
   5.4421555e-05
   5.4421555e-05
   5.4421555e-05
   5.4421555e-05
   5.4421555e-05
   5.4421555e-05
   5.4421555e-05
   5.4421555e-05
   5.4421555e-05
   5.4421555e-05
   5.4421555e-05
   5.4421555e-05
   5.4421555e-05
   5.4421555e-05
   5.4421554e-05
   5.4421554e-05
   5.4421554e-05
   5.4421554e-05
   5.4421554e-05
   5.4421554e-05
   5.4421554e-05
   5.4421554e-05
   5.4421554e-05
   5.4421554e-05
   5.4421554e-05
   5.4421554e-05
   5.4421554e-05
   5.4421554e-05
   5.4421554e-05
   5.4421554e-05
   5.4421554e-05
   5.4421554e-05
   5.4421554e-05
   5.4421554e-05
   5.4421554e-05
   5.4421554e-05
   5.4421554e-05
   5.4421554e-05
   5.4421554e-05
   5.4421554e-05
   5.4421554e-05
   5.4421554e-05
   5.4421554e-05
   5.4421554e-05
   5.4421554e-05
   5.4421554e-05
   5.4421554e-05
   5.4421554e-05
   5.4421554e-05
   5.4421554e-05
   5.4421554e-05
   5.4421554e-05
   5.4421554e-05
   5.4421554e-05
   5.4421554e-05
   5.4421554e-05
   5.4421554e-05
   5.4421554e-05
   5.4421554e-05
   5.4421554e-05
   5.4421554e-05
   5.4421554e-05
   5.4421554e-05
   5.4421554e-05
   5.4421554e-05
   5.4421554e-05
   5.4421554e-05
   5.4421554e-05
   5.4421554e-05
   5.4421554e-05
   5.4421554e-05
   5.4421554e-05
   5.4421554e-05
   5.4421554e-05
   5.4421554e-05
   5.4421554e-05
   5.4421554e-05
   5.4421554e-05
   5.4421554e-05
   5.4421554e-05
   5.4421554e-05
   5.4421554e-05
   5.4421554e-05
   5.4421554e-05
   5.4421554e-05
   5.4421554e-05
   5.4421554e-05
   5.4421554e-05
   5.4421554e-05
   5.4421554e-05
   5.4421554e-05
   5.4421554e-05
   5.4421554e-05
   5.4421554e-05
   5.4421554e-05
   5.4421554e-05
   5.4421554e-05
   5.4421554e-05
   5.4421554e-05
   5.4421554e-05
   5.4421554e-05
   5.4421554e-05
   5.4421554e-05
   5.4421554e-05
   5.4421554e-05
   5.4421554e-05
   5.4421554e-05
   5.4421554e-05
   5.4421554e-05
   5.4421554e-05
   5.4421554e-05
   5.4421554e-05
   5.4421554e-05
   5.4421554e-05
   5.4421554e-05
   5.4421554e-05
   5.4421554e-05
   5.4421554e-05
   5.4421554e-05
   5.4421554e-05
   5.4421554e-05
   5.4421554e-05
   5.4421554e-05
   5.4421554e-05
   5.4421554e-05
   5.4421554e-05
   5.4421554e-05
   5.4421554e-05
   5.4421554e-05
   5.4421554e-05
   5.4421554e-05
   5.4421554e-05
   5.4421554e-05
   5.4421554e-05
   5.4421554e-05
   5.4421554e-05
   5.4421554e-05
   5.4421554e-05
   5.4421554e-05
   5.4421554e-05
   5.4421554e-05
   5.4421554e-05
   5.4421554e-05
   5.4421554e-05
   5.4421554e-05
   5.4421554e-05
   5.4421554e-05
   5.4421554e-05
   5.4421554e-05
   5.4421554e-05
   5.4421554e-05
   5.4421554e-05
   5.4421554e-05
   5.4421554e-05
   5.4421554e-05
   5.4421554e-05
   5.4421554e-05
   5.4421554e-05
   5.4421554e-05
   5.4421554e-05
   5.4421554e-05
   5.4421554e-05
   5.4421554e-05
   5.4421554e-05
   5.4421554e-05
   5.4421554e-05
   5.4421554e-05
   5.4421554e-05
   5.4421553e-05
   5.4421553e-05
   5.4421553e-05
   5.4421553e-05
   5.4421553e-05
   5.4421553e-05
   5.4421553e-05
   5.4421553e-05
   5.4421553e-05
   5.4421553e-05
   5.4421553e-05
   5.4421553e-05
   5.4421553e-05
   5.4421553e-05
   5.4421553e-05
   5.4421553e-05
   5.4421553e-05
   5.4421553e-05
   5.4421553e-05
   5.4421553e-05
   5.4421553e-05
   5.4421553e-05
   5.4421553e-05
   5.4421553e-05
   5.4421553e-05
   5.4421553e-05
   5.4421553e-05
   5.4421553e-05
   5.4421553e-05
   5.4421553e-05
   5.4421553e-05
   5.4421553e-05
   5.4421553e-05
   5.4421553e-05
   5.4421553e-05
   5.4421553e-05
   5.4421553e-05
   5.4421553e-05
   5.4421553e-05
   5.4421553e-05
   5.4421553e-05
   5.4421553e-05
   5.4421553e-05
   5.4421553e-05
   5.4421553e-05
   5.4421553e-05
   5.4421553e-05
   5.4421553e-05
   5.4421553e-05
   5.4421553e-05
   5.4421553e-05
   5.4421553e-05
   5.4421553e-05
   5.4421553e-05
   5.4421553e-05
   5.4421553e-05
   5.4421553e-05
   5.4421553e-05
   5.4421553e-05
   5.4421553e-05
   5.4421552e-05
   5.4421552e-05
   5.4421552e-05
   5.4421552e-05
   5.4421552e-05
   5.4421552e-05
   5.4421551e-05
   5.4421551e-05
   5.4421551e-05
   5.4421551e-05
   5.4421551e-05
   5.4421551e-05
   5.4421551e-05
   5.4421551e-05
   5.4421551e-05
   5.4421551e-05
   5.4421551e-05
   5.4421551e-05
   5.4421551e-05
   5.4421551e-05
   5.4421551e-05
   5.4421551e-05
   5.4421551e-05
   5.4421551e-05
   5.4421551e-05
   5.4421551e-05
   5.4421551e-05
   5.4421551e-05
   5.4421551e-05
   5.4421551e-05
   5.4421551e-05
   5.4421551e-05
   5.4421551e-05
   5.4421551e-05
   5.4421551e-05
   5.4421551e-05
   5.4421551e-05
   5.4421551e-05
   5.4421551e-05
   5.4421551e-05
   5.4421551e-05
   5.4421551e-05
   5.4421551e-05
   5.4421551e-05
   5.4421551e-05
   5.4421551e-05
   5.4421551e-05
   5.4421551e-05
   5.4421551e-05
   5.4421551e-05
   5.4421551e-05
   5.4421551e-05
   5.4421551e-05
   5.4421551e-05
   5.4421551e-05
   5.4421551e-05
   5.4421551e-05
   5.4421551e-05
   5.4421551e-05
   5.4421551e-05
   5.4421551e-05
   5.4421551e-05
   5.4421551e-05
   5.4421551e-05
   5.4421551e-05
   5.4421551e-05
   5.4421551e-05
   5.4421551e-05
   5.4421551e-05
   5.4421551e-05
   5.4421551e-05
   5.4421551e-05
   5.4421551e-05
   5.4421551e-05
   5.4421551e-05
   5.4421551e-05
   5.4421551e-05
   5.4421551e-05
   5.4421551e-05
   5.4421551e-05
   5.4421551e-05
   5.4421551e-05
   5.4421551e-05
   5.4421551e-05
   5.4421551e-05
   5.4421551e-05
   5.4421551e-05
   5.4421551e-05
   5.4421551e-05
   5.4421551e-05
   5.4421551e-05
   5.4421551e-05
   5.4421551e-05
   5.4421551e-05
   5.4421551e-05
   5.4421551e-05
   5.4421551e-05
   5.4421551e-05
   5.4421551e-05
   5.4421551e-05
   5.4421551e-05
   5.4421551e-05
   5.4421551e-05
   5.4421551e-05
   5.4421551e-05
   5.4421551e-05
   5.4421551e-05
   5.4421551e-05
   5.4421551e-05
   5.4421551e-05
   5.4421551e-05
   5.4421551e-05
   5.4421551e-05
   5.4421551e-05
   5.4421551e-05
   5.4421551e-05
   5.4421551e-05
   5.4421551e-05
   5.4421551e-05
   5.4421551e-05
   5.4421551e-05
   5.4421551e-05
   5.4421551e-05
   5.4421551e-05
   5.4421551e-05
   5.4421551e-05
   5.4421551e-05
   5.4421551e-05
   5.4421551e-05
   5.4421551e-05
   5.4421551e-05
   5.4421551e-05
   5.4421551e-05
   5.4421551e-05
   5.4421551e-05
   5.4421551e-05
   5.4421551e-05
   5.4421551e-05
   5.4421551e-05
   5.4421551e-05
   5.4421551e-05
   5.4421551e-05
   5.4421550e-05
   5.4421550e-05
   5.4421550e-05
   5.4421550e-05
   5.4421550e-05
   5.4421550e-05
   5.4421550e-05
   5.4421550e-05
   5.4421550e-05
   5.4421550e-05
   5.4421550e-05
   5.4421550e-05
   5.4421550e-05
   5.4421550e-05
   5.4421550e-05
   5.4421550e-05
   5.4421550e-05
   5.4421550e-05
   5.4421550e-05
   5.4421550e-05
   5.4421550e-05
   5.4421550e-05
   5.4421550e-05
   5.4421550e-05
   5.4421550e-05
   5.4421550e-05
   5.4421550e-05
   5.4421550e-05
   5.4421550e-05
   5.4421550e-05
   5.4421550e-05
   5.4421550e-05
   5.4421550e-05
   5.4421550e-05
   5.4421550e-05
   5.4421550e-05
   5.4421550e-05
   5.4421550e-05
   5.4421550e-05
   5.4421550e-05
   5.4421550e-05
   5.4421550e-05
   5.4421550e-05
   5.4421550e-05
   5.4421550e-05
   5.4421550e-05
   5.4421550e-05
   5.4421550e-05
   5.4421550e-05
   5.4421550e-05
   5.4421550e-05
   5.4421550e-05
   5.4421550e-05
   5.4421550e-05
   5.4421550e-05
   5.4421550e-05
   5.4421550e-05
   5.4421550e-05
   5.4421550e-05
   5.4421550e-05
   5.4421550e-05
   5.4421550e-05
   5.4421550e-05
   5.4421550e-05
   5.4421550e-05
   5.4421550e-05
   5.4421550e-05
   5.4421550e-05
   5.4421550e-05
   5.4421550e-05
   5.4421550e-05
   5.4421550e-05
   5.4421550e-05
   5.4421550e-05
   5.4421550e-05
   5.4421550e-05
   5.4421550e-05
   5.4421550e-05
   5.4421550e-05
   5.4421550e-05
   5.4421550e-05
   5.4421550e-05
   5.4421550e-05
   5.4421550e-05
   5.4421550e-05
   5.4421550e-05
   5.4421550e-05
   5.4421550e-05
   5.4421550e-05
   5.4421550e-05
   5.4421550e-05
   5.4421550e-05
   5.4421550e-05
   5.4421550e-05
   5.4421550e-05
   5.4421550e-05
   5.4421550e-05
   5.4421550e-05
   5.4421550e-05
   5.4421550e-05
   5.4421550e-05
   5.4421550e-05
   5.4421550e-05
   5.4421550e-05
   5.4421550e-05
   5.4421550e-05
   5.4421550e-05
   5.4421550e-05
   5.4421550e-05
   5.4421550e-05
   5.4421550e-05
   5.4421550e-05
   5.4421550e-05
   5.4421550e-05
   5.4421550e-05
   5.4421550e-05
   5.4421550e-05
   5.4421550e-05
   5.4421550e-05
   5.4421550e-05
   5.4421550e-05
   5.4421550e-05
   5.4421550e-05
   5.4421550e-05
   5.4421550e-05
   5.4421550e-05
   5.4421550e-05
   5.4421550e-05
   5.4421550e-05
   5.4421550e-05
   5.4421550e-05
   5.4421550e-05
   5.4421550e-05
   5.4421550e-05
   5.4421550e-05
   5.4421550e-05
   5.4421550e-05
   5.4421550e-05
   5.4421550e-05
   5.4421550e-05
   5.4421550e-05
   5.4421550e-05
   5.4421550e-05
   5.4421550e-05
   5.4421550e-05
   5.4421550e-05
   5.4421550e-05
   5.4421550e-05
   5.4421550e-05
   5.4421550e-05
   5.4421550e-05
   5.4421550e-05
   5.4421550e-05
   5.4421550e-05
   5.4421550e-05
   5.4421550e-05
   5.4421550e-05
   5.4421550e-05
   5.4421550e-05
   5.4421550e-05
   5.4421550e-05
   5.4421550e-05
   5.4421550e-05
   5.4421550e-05
   5.4421550e-05
   5.4421550e-05
   5.4421550e-05
   5.4421550e-05
   5.4421550e-05
   5.4421550e-05
   5.4421550e-05
   5.4421550e-05
   5.4421550e-05
   5.4421550e-05
   5.4421550e-05
   5.4421550e-05
   5.4421550e-05
