   1.1076515e-04
   1.1076515e-04
   1.0748374e-04
   9.9738195e-05
   9.3619586e-05
   8.7752030e-05
   8.6883433e-05
   8.4802334e-05
   8.4802334e-05
   8.3088873e-05
   7.9063203e-05
   7.3632459e-05
   7.3127161e-05
   6.8884730e-05
   6.4972220e-05
   6.4972220e-05
   6.3218089e-05
   6.0270258e-05
   5.7992809e-05
   5.4138546e-05
   5.4138546e-05
   5.4138546e-05
   5.3131459e-05
   5.1954873e-05
   5.1248921e-05
   4.9244464e-05
   4.8013150e-05
   4.7028639e-05
   4.5668168e-05
   4.3868441e-05
   4.3868441e-05
   4.2641054e-05
   4.1995759e-05
   4.1995759e-05
   4.0380493e-05
   4.0380493e-05
   4.0380493e-05
   4.0380493e-05
   4.0101593e-05
   3.9793368e-05
   3.9326801e-05
   3.9145820e-05
   3.7560847e-05
   3.7560847e-05
   3.7560847e-05
   3.6692342e-05
   3.6692342e-05
   3.6692342e-05
   3.5248711e-05
   3.5248711e-05
   3.5248711e-05
   3.5248711e-05
   3.5248711e-05
   3.5101783e-05
   3.5101783e-05
   3.5101783e-05
   3.5101783e-05
   3.4688046e-05
   3.4688046e-05
   3.4429057e-05
   3.4429057e-05
   3.4429057e-05
   3.4429057e-05
   3.3496935e-05
   3.3010049e-05
   3.2942238e-05
   3.2942238e-05
   3.2942238e-05
   3.1950005e-05
   3.0435895e-05
   3.0435895e-05
   3.0435895e-05
   3.0435895e-05
   3.0278842e-05
   2.9843197e-05
   2.9843197e-05
   2.9843197e-05
   2.9843197e-05
   2.9843197e-05
   2.9733556e-05
   2.9733556e-05
   2.9733556e-05
   2.9389645e-05
   2.9222313e-05
   2.9222313e-05
   2.9222313e-05
   2.9222313e-05
   2.8709517e-05
   2.8709517e-05
   2.8709517e-05
   2.8709517e-05
   2.8709517e-05
   2.8533858e-05
   2.7973566e-05
   2.7973566e-05
   2.7973566e-05
   2.7793137e-05
   2.7793137e-05
   2.7793137e-05
   2.7738598e-05
   2.7738598e-05
   2.7738598e-05
   2.7738598e-05
   2.7381783e-05
   2.7381783e-05
   2.7215208e-05
   2.7215208e-05
   2.7215208e-05
   2.7215208e-05
   2.7215208e-05
   2.7215208e-05
   2.7215208e-05
   2.7215208e-05
   2.7215208e-05
   2.7045602e-05
   2.6968457e-05
   2.6968457e-05
   2.6968457e-05
   2.6968457e-05
   2.6714144e-05
   2.6457246e-05
   2.6457246e-05
   2.6457246e-05
   2.6457246e-05
   2.6329847e-05
   2.6329847e-05
   2.6329847e-05
   2.6303235e-05
   2.6276837e-05
   2.6276837e-05
   2.6276837e-05
   2.6264678e-05
   2.6264678e-05
   2.6002838e-05
   2.6002838e-05
   2.6002838e-05
   2.6002838e-05
   2.6002838e-05
   2.5932139e-05
   2.5932139e-05
   2.5932139e-05
   2.5932139e-05
   2.5864669e-05
   2.5864669e-05
   2.5864669e-05
   2.5864669e-05
   2.5864669e-05
   2.5625336e-05
   2.5625336e-05
   2.5563191e-05
   2.5563191e-05
   2.5563191e-05
   2.5563191e-05
   2.5472358e-05
   2.5472358e-05
   2.5472358e-05
   2.5472358e-05
   2.5440848e-05
   2.5440848e-05
   2.5440848e-05
   2.5420089e-05
   2.5395228e-05
   2.5395228e-05
   2.5392044e-05
   2.5392044e-05
   2.5392044e-05
   2.5375043e-05
   2.5375043e-05
   2.5354592e-05
   2.5354592e-05
   2.5354592e-05
   2.5316555e-05
   2.5310447e-05
   2.5310447e-05
   2.5310447e-05
   2.5291929e-05
   2.5291929e-05
   2.5291929e-05
   2.5291929e-05
   2.5291929e-05
   2.5291929e-05
   2.5285274e-05
   2.5285274e-05
   2.5277608e-05
   2.5260700e-05
   2.5228538e-05
   2.5228538e-05
   2.5228538e-05
   2.5228538e-05
   2.5228538e-05
   2.5226649e-05
   2.5109254e-05
   2.5109254e-05
   2.5104396e-05
   2.5104396e-05
   2.5104396e-05
   2.5095211e-05
   2.5095211e-05
   2.5095211e-05
   2.5073873e-05
   2.5065609e-05
   2.5001983e-05
   2.5001983e-05
   2.5001983e-05
   2.5001983e-05
   2.5001983e-05
   2.4991022e-05
   2.4991022e-05
   2.4991022e-05
   2.4986742e-05
   2.4986742e-05
   2.4986742e-05
   2.4986742e-05
   2.4986742e-05
   2.4986661e-05
   2.4974004e-05
   2.4960275e-05
   2.4958924e-05
   2.4958924e-05
   2.4955093e-05
   2.4937972e-05
   2.4937972e-05
   2.4932133e-05
   2.4932133e-05
   2.4921228e-05
   2.4913965e-05
   2.4913965e-05
   2.4913965e-05
   2.4913965e-05
   2.4912190e-05
   2.4912190e-05
   2.4910130e-05
   2.4910130e-05
   2.4905223e-05
   2.4903637e-05
   2.4899907e-05
   2.4899586e-05
   2.4892087e-05
   2.4885686e-05
   2.4885686e-05
   2.4881006e-05
   2.4875659e-05
   2.4875659e-05
   2.4875659e-05
   2.4875659e-05
   2.4872556e-05
   2.4872556e-05
   2.4872556e-05
   2.4869099e-05
   2.4866820e-05
   2.4866820e-05
   2.4865250e-05
   2.4865250e-05
   2.4865250e-05
   2.4865250e-05
   2.4865250e-05
   2.4864152e-05
   2.4864152e-05
   2.4857662e-05
   2.4857662e-05
   2.4857662e-05
   2.4857662e-05
   2.4857662e-05
   2.4857662e-05
   2.4857662e-05
   2.4853717e-05
   2.4853717e-05
   2.4853142e-05
   2.4853142e-05
   2.4853142e-05
   2.4852122e-05
   2.4850570e-05
   2.4850570e-05
   2.4850570e-05
   2.4849393e-05
   2.4844266e-05
   2.4841091e-05
   2.4841091e-05
   2.4841091e-05
   2.4841091e-05
   2.4841091e-05
   2.4841045e-05
   2.4840729e-05
   2.4839677e-05
   2.4839677e-05
   2.4839677e-05
   2.4839677e-05
   2.4839677e-05
   2.4839677e-05
   2.4839677e-05
   2.4839677e-05
   2.4839677e-05
   2.4839677e-05
   2.4838880e-05
   2.4838327e-05
   2.4836543e-05
   2.4836338e-05
   2.4833706e-05
   2.4833347e-05
   2.4833347e-05
   2.4830155e-05
   2.4830155e-05
   2.4830155e-05
   2.4830155e-05
   2.4829017e-05
   2.4827640e-05
   2.4827640e-05
   2.4827640e-05
   2.4827640e-05
   2.4827492e-05
   2.4827492e-05
   2.4824732e-05
   2.4823147e-05
   2.4821266e-05
   2.4821266e-05
   2.4821266e-05
   2.4821266e-05
   2.4819254e-05
   2.4819254e-05
   2.4819254e-05
   2.4819071e-05
   2.4815908e-05
   2.4815908e-05
   2.4815908e-05
   2.4815908e-05
   2.4815908e-05
   2.4814710e-05
   2.4814710e-05
   2.4814710e-05
   2.4814710e-05
   2.4814710e-05
   2.4810645e-05
   2.4810645e-05
   2.4810645e-05
   2.4810645e-05
   2.4810645e-05
   2.4810645e-05
   2.4809933e-05
   2.4809933e-05
   2.4809933e-05
   2.4809933e-05
   2.4809933e-05
   2.4809933e-05
   2.4809933e-05
   2.4809933e-05
   2.4809933e-05
   2.4809933e-05
   2.4809701e-05
   2.4809701e-05
   2.4808871e-05
   2.4808871e-05
   2.4808871e-05
   2.4808871e-05
   2.4808871e-05
   2.4807694e-05
   2.4806057e-05
   2.4806057e-05
   2.4805606e-05
   2.4805606e-05
   2.4805606e-05
   2.4805271e-05
   2.4805271e-05
   2.4805251e-05
   2.4805251e-05
   2.4805251e-05
   2.4805159e-05
   2.4805159e-05
   2.4805114e-05
   2.4805114e-05
   2.4805114e-05
   2.4805047e-05
   2.4804879e-05
   2.4804879e-05
   2.4804879e-05
   2.4804879e-05
   2.4804879e-05
   2.4804879e-05
   2.4804741e-05
   2.4804507e-05
   2.4804189e-05
   2.4803997e-05
   2.4803882e-05
   2.4803440e-05
   2.4803440e-05
   2.4803380e-05
   2.4803380e-05
   2.4803380e-05
   2.4803380e-05
   2.4803215e-05
   2.4803215e-05
   2.4803215e-05
   2.4803215e-05
   2.4803215e-05
   2.4803215e-05
   2.4803215e-05
   2.4802823e-05
   2.4802585e-05
   2.4802585e-05
   2.4802228e-05
   2.4802009e-05
   2.4802009e-05
   2.4802009e-05
   2.4802009e-05
   2.4802009e-05
   2.4802009e-05
   2.4802009e-05
   2.4802009e-05
   2.4802009e-05
   2.4802009e-05
   2.4802009e-05
   2.4802009e-05
   2.4802009e-05
   2.4802009e-05
   2.4800160e-05
   2.4800160e-05
   2.4800160e-05
   2.4800160e-05
   2.4800160e-05
   2.4800160e-05
   2.4800160e-05
   2.4800160e-05
   2.4800160e-05
   2.4800160e-05
   2.4800160e-05
   2.4800160e-05
   2.4800018e-05
   2.4799788e-05
   2.4799788e-05
   2.4799788e-05
   2.4799659e-05
   2.4799659e-05
   2.4799659e-05
   2.4799659e-05
   2.4799659e-05
   2.4799557e-05
   2.4799557e-05
   2.4799557e-05
   2.4799557e-05
   2.4799557e-05
   2.4799557e-05
   2.4799556e-05
   2.4799556e-05
   2.4799556e-05
   2.4799556e-05
   2.4799556e-05
   2.4799556e-05
   2.4799556e-05
   2.4799556e-05
   2.4799347e-05
   2.4799347e-05
   2.4799347e-05
   2.4798919e-05
   2.4798919e-05
   2.4798919e-05
   2.4798919e-05
   2.4798919e-05
   2.4798919e-05
   2.4798919e-05
   2.4798919e-05
   2.4798919e-05
   2.4798551e-05
   2.4798551e-05
   2.4798551e-05
   2.4798551e-05
   2.4798551e-05
   2.4798551e-05
   2.4798551e-05
   2.4798551e-05
   2.4798467e-05
   2.4798395e-05
   2.4798395e-05
   2.4798395e-05
   2.4798373e-05
   2.4798373e-05
   2.4798373e-05
   2.4798373e-05
   2.4798373e-05
   2.4798373e-05
   2.4798373e-05
   2.4798373e-05
   2.4798373e-05
   2.4798373e-05
   2.4798367e-05
   2.4798367e-05
   2.4798367e-05
   2.4798367e-05
   2.4798291e-05
   2.4798233e-05
   2.4798156e-05
   2.4798068e-05
   2.4798068e-05
   2.4798068e-05
   2.4798068e-05
   2.4798041e-05
   2.4798041e-05
   2.4797955e-05
   2.4797955e-05
   2.4797955e-05
   2.4797925e-05
   2.4797739e-05
   2.4797739e-05
   2.4797739e-05
   2.4797739e-05
   2.4797739e-05
   2.4797739e-05
   2.4797739e-05
   2.4797739e-05
   2.4797739e-05
   2.4797596e-05
   2.4797596e-05
   2.4797596e-05
   2.4797596e-05
   2.4797596e-05
   2.4797596e-05
   2.4797596e-05
   2.4797596e-05
   2.4797596e-05
   2.4797596e-05
   2.4797596e-05
   2.4797491e-05
   2.4797478e-05
   2.4797478e-05
   2.4797476e-05
   2.4797476e-05
   2.4797476e-05
   2.4797475e-05
   2.4797439e-05
   2.4797439e-05
   2.4797439e-05
   2.4797439e-05
   2.4797439e-05
   2.4797433e-05
   2.4797433e-05
   2.4797433e-05
   2.4797413e-05
   2.4797413e-05
   2.4797413e-05
   2.4797401e-05
   2.4797401e-05
   2.4797401e-05
   2.4797401e-05
   2.4797401e-05
   2.4797401e-05
   2.4797400e-05
   2.4797400e-05
   2.4797399e-05
   2.4797389e-05
   2.4797284e-05
   2.4797284e-05
   2.4797284e-05
   2.4797284e-05
   2.4797234e-05
   2.4797204e-05
   2.4797185e-05
   2.4797185e-05
   2.4797185e-05
   2.4797185e-05
   2.4797176e-05
   2.4797170e-05
   2.4797167e-05
   2.4797165e-05
   2.4797164e-05
   2.4797160e-05
   2.4797135e-05
   2.4797135e-05
   2.4797135e-05
   2.4797129e-05
   2.4797129e-05
   2.4797129e-05
   2.4797116e-05
   2.4797106e-05
   2.4797099e-05
   2.4797095e-05
   2.4797093e-05
   2.4797058e-05
   2.4797058e-05
   2.4797058e-05
   2.4797058e-05
   2.4797058e-05
   2.4797053e-05
   2.4797053e-05
   2.4797049e-05
   2.4797049e-05
   2.4797049e-05
   2.4797043e-05
   2.4797040e-05
   2.4797035e-05
   2.4797031e-05
   2.4797030e-05
   2.4797028e-05
   2.4797028e-05
   2.4797027e-05
   2.4797027e-05
   2.4797027e-05
   2.4797019e-05
   2.4797019e-05
   2.4797017e-05
   2.4797010e-05
   2.4797005e-05
   2.4797001e-05
   2.4796995e-05
   2.4796995e-05
   2.4796956e-05
   2.4796956e-05
   2.4796943e-05
   2.4796943e-05
   2.4796759e-05
   2.4796759e-05
   2.4796759e-05
   2.4796759e-05
   2.4796639e-05
   2.4796639e-05
   2.4796639e-05
   2.4796639e-05
   2.4796639e-05
   2.4796639e-05
   2.4796639e-05
   2.4796639e-05
   2.4796639e-05
   2.4796639e-05
   2.4796639e-05
   2.4796639e-05
   2.4796639e-05
   2.4796639e-05
   2.4796639e-05
   2.4796639e-05
   2.4796639e-05
   2.4796639e-05
   2.4796639e-05
   2.4796639e-05
   2.4796622e-05
   2.4796604e-05
   2.4796594e-05
   2.4796587e-05
   2.4796584e-05
   2.4796581e-05
   2.4796580e-05
   2.4796579e-05
   2.4796579e-05
   2.4796525e-05
   2.4796525e-05
   2.4796525e-05
   2.4796525e-05
   2.4796525e-05
   2.4796525e-05
   2.4796525e-05
   2.4796525e-05
   2.4796525e-05
   2.4796525e-05
   2.4796525e-05
   2.4796525e-05
   2.4796513e-05
   2.4796486e-05
   2.4796462e-05
   2.4796462e-05
   2.4796462e-05
   2.4796433e-05
   2.4796433e-05
   2.4796433e-05
   2.4796433e-05
   2.4796433e-05
   2.4796433e-05
   2.4796433e-05
   2.4796428e-05
   2.4796421e-05
   2.4796421e-05
   2.4796418e-05
   2.4796418e-05
   2.4796418e-05
   2.4796418e-05
   2.4796412e-05
   2.4796394e-05
   2.4796394e-05
   2.4796394e-05
   2.4796394e-05
   2.4796394e-05
   2.4796394e-05
   2.4796394e-05
   2.4796394e-05
   2.4796375e-05
   2.4796335e-05
   2.4796335e-05
   2.4796335e-05
   2.4796335e-05
   2.4796335e-05
   2.4796314e-05
   2.4796314e-05
   2.4796314e-05
   2.4796314e-05
   2.4796314e-05
   2.4796314e-05
   2.4796314e-05
   2.4796314e-05
   2.4796314e-05
   2.4796314e-05
   2.4796314e-05
   2.4796314e-05
   2.4796314e-05
   2.4796314e-05
   2.4796313e-05
   2.4796313e-05
   2.4796210e-05
   2.4796210e-05
   2.4796202e-05
   2.4796202e-05
   2.4796181e-05
   2.4796159e-05
   2.4796146e-05
   2.4796146e-05
   2.4796146e-05
   2.4796146e-05
   2.4796146e-05
   2.4796146e-05
   2.4796125e-05
   2.4796125e-05
   2.4796125e-05
   2.4796086e-05
   2.4796086e-05
   2.4796086e-05
   2.4796086e-05
   2.4796086e-05
   2.4796086e-05
   2.4796086e-05
   2.4796086e-05
   2.4796086e-05
   2.4796086e-05
   2.4796073e-05
   2.4796073e-05
   2.4796073e-05
   2.4796072e-05
   2.4796072e-05
   2.4796072e-05
   2.4796072e-05
   2.4796060e-05
   2.4796060e-05
   2.4796060e-05
   2.4796053e-05
   2.4796053e-05
   2.4796047e-05
   2.4796039e-05
   2.4796035e-05
   2.4796031e-05
   2.4796031e-05
   2.4796031e-05
   2.4796030e-05
   2.4796025e-05
   2.4796025e-05
   2.4796023e-05
   2.4796023e-05
   2.4796021e-05
   2.4796021e-05
   2.4796019e-05
   2.4796019e-05
   2.4796019e-05
   2.4796017e-05
   2.4796016e-05
   2.4796016e-05
   2.4796016e-05
   2.4796016e-05
   2.4796016e-05
   2.4796016e-05
   2.4796016e-05
   2.4796016e-05
   2.4796016e-05
   2.4796016e-05
   2.4796015e-05
   2.4796015e-05
   2.4796015e-05
   2.4796013e-05
   2.4796008e-05
   2.4796003e-05
   2.4796003e-05
   2.4796000e-05
   2.4796000e-05
   2.4796000e-05
   2.4795999e-05
   2.4795999e-05
   2.4795997e-05
   2.4795987e-05
   2.4795980e-05
   2.4795976e-05
   2.4795973e-05
   2.4795973e-05
   2.4795973e-05
   2.4795973e-05
   2.4795973e-05
   2.4795969e-05
   2.4795966e-05
   2.4795966e-05
   2.4795964e-05
   2.4795963e-05
   2.4795963e-05
   2.4795963e-05
   2.4795963e-05
   2.4795959e-05
   2.4795955e-05
   2.4795955e-05
   2.4795954e-05
   2.4795954e-05
   2.4795954e-05
   2.4795954e-05
   2.4795954e-05
   2.4795954e-05
   2.4795951e-05
   2.4795951e-05
   2.4795951e-05
   2.4795951e-05
   2.4795951e-05
   2.4795951e-05
   2.4795951e-05
   2.4795951e-05
   2.4795947e-05
   2.4795947e-05
   2.4795947e-05
   2.4795947e-05
   2.4795947e-05
   2.4795947e-05
   2.4795947e-05
   2.4795947e-05
   2.4795947e-05
   2.4795946e-05
   2.4795944e-05
   2.4795942e-05
   2.4795940e-05
   2.4795939e-05
   2.4795938e-05
   2.4795938e-05
   2.4795938e-05
   2.4795938e-05
   2.4795938e-05
   2.4795938e-05
   2.4795937e-05
   2.4795935e-05
   2.4795932e-05
   2.4795932e-05
   2.4795932e-05
   2.4795930e-05
   2.4795927e-05
   2.4795927e-05
   2.4795925e-05
   2.4795925e-05
   2.4795925e-05
   2.4795923e-05
   2.4795922e-05
   2.4795920e-05
   2.4795919e-05
   2.4795918e-05
   2.4795917e-05
   2.4795917e-05
   2.4795916e-05
   2.4795916e-05
   2.4795914e-05
   2.4795914e-05
   2.4795914e-05
   2.4795914e-05
   2.4795914e-05
   2.4795910e-05
   2.4795910e-05
   2.4795909e-05
   2.4795909e-05
   2.4795907e-05
   2.4795907e-05
   2.4795907e-05
   2.4795904e-05
   2.4795904e-05
   2.4795904e-05
   2.4795904e-05
   2.4795904e-05
   2.4795904e-05
   2.4795904e-05
   2.4795904e-05
   2.4795904e-05
   2.4795901e-05
   2.4795900e-05
   2.4795900e-05
   2.4795900e-05
   2.4795900e-05
   2.4795898e-05
   2.4795898e-05
   2.4795898e-05
   2.4795898e-05
   2.4795898e-05
   2.4795898e-05
   2.4795898e-05
   2.4795898e-05
   2.4795898e-05
   2.4795897e-05
   2.4795896e-05
   2.4795896e-05
   2.4795896e-05
   2.4795896e-05
   2.4795896e-05
   2.4795896e-05
   2.4795889e-05
   2.4795889e-05
   2.4795888e-05
   2.4795888e-05
   2.4795888e-05
   2.4795888e-05
   2.4795888e-05
   2.4795888e-05
   2.4795888e-05
   2.4795888e-05
   2.4795885e-05
   2.4795884e-05
   2.4795884e-05
   2.4795884e-05
   2.4795884e-05
   2.4795884e-05
   2.4795884e-05
   2.4795884e-05
   2.4795884e-05
   2.4795884e-05
   2.4795882e-05
   2.4795882e-05
   2.4795882e-05
   2.4795882e-05
   2.4795882e-05
   2.4795882e-05
   2.4795882e-05
   2.4795880e-05
   2.4795879e-05
   2.4795879e-05
   2.4795879e-05
   2.4795879e-05
   2.4795879e-05
   2.4795879e-05
   2.4795879e-05
   2.4795879e-05
   2.4795877e-05
   2.4795877e-05
   2.4795877e-05
   2.4795877e-05
   2.4795877e-05
   2.4795877e-05
   2.4795877e-05
   2.4795877e-05
   2.4795877e-05
   2.4795877e-05
   2.4795877e-05
   2.4795877e-05
   2.4795877e-05
   2.4795877e-05
   2.4795877e-05
   2.4795877e-05
   2.4795877e-05
   2.4795877e-05
   2.4795877e-05
   2.4795877e-05
   2.4795877e-05
   2.4795877e-05
   2.4795877e-05
   2.4795877e-05
   2.4795877e-05
   2.4795877e-05
   2.4795877e-05
   2.4795877e-05
   2.4795876e-05
   2.4795876e-05
   2.4795876e-05
   2.4795876e-05
   2.4795876e-05
   2.4795875e-05
   2.4795875e-05
   2.4795875e-05
   2.4795875e-05
   2.4795875e-05
   2.4795875e-05
   2.4795875e-05
   2.4795874e-05
   2.4795874e-05
   2.4795874e-05
   2.4795874e-05
   2.4795874e-05
   2.4795873e-05
   2.4795873e-05
   2.4795873e-05
   2.4795871e-05
   2.4795871e-05
   2.4795865e-05
   2.4795865e-05
   2.4795864e-05
   2.4795864e-05
   2.4795859e-05
   2.4795853e-05
   2.4795853e-05
   2.4795853e-05
   2.4795847e-05
   2.4795834e-05
   2.4795829e-05
   2.4795829e-05
   2.4795829e-05
   2.4795829e-05
   2.4795829e-05
   2.4795829e-05
   2.4795829e-05
   2.4795829e-05
   2.4795827e-05
   2.4795827e-05
   2.4795827e-05
   2.4795827e-05
   2.4795827e-05
   2.4795827e-05
   2.4795827e-05
   2.4795827e-05
   2.4795827e-05
   2.4795827e-05
   2.4795827e-05
   2.4795827e-05
   2.4795827e-05
   2.4795827e-05
   2.4795827e-05
   2.4795827e-05
   2.4795827e-05
   2.4795827e-05
   2.4795827e-05
   2.4795827e-05
   2.4795827e-05
   2.4795827e-05
   2.4795827e-05
   2.4795827e-05
   2.4795827e-05
   2.4795827e-05
   2.4795827e-05
   2.4795826e-05
   2.4795826e-05
   2.4795826e-05
   2.4795826e-05
   2.4795826e-05
   2.4795826e-05
   2.4795826e-05
   2.4795826e-05
   2.4795826e-05
   2.4795826e-05
   2.4795826e-05
   2.4795826e-05
   2.4795826e-05
   2.4795826e-05
   2.4795826e-05
   2.4795826e-05
   2.4795826e-05
   2.4795826e-05
   2.4795826e-05
   2.4795826e-05
   2.4795826e-05
   2.4795826e-05
   2.4795826e-05
   2.4795826e-05
   2.4795826e-05
   2.4795826e-05
   2.4795826e-05
   2.4795826e-05
   2.4795826e-05
   2.4795826e-05
   2.4795825e-05
   2.4795825e-05
   2.4795825e-05
   2.4795825e-05
   2.4795825e-05
   2.4795824e-05
   2.4795824e-05
   2.4795824e-05
   2.4795824e-05
   2.4795824e-05
   2.4795824e-05
   2.4795824e-05
   2.4795824e-05
   2.4795824e-05
   2.4795824e-05
   2.4795824e-05
   2.4795824e-05
   2.4795824e-05
   2.4795824e-05
   2.4795823e-05
   2.4795823e-05
   2.4795823e-05
   2.4795823e-05
   2.4795823e-05
   2.4795823e-05
   2.4795823e-05
   2.4795823e-05
   2.4795823e-05
   2.4795823e-05
   2.4795823e-05
   2.4795823e-05
   2.4795823e-05
   2.4795823e-05
   2.4795823e-05
   2.4795823e-05
   2.4795823e-05
   2.4795823e-05
   2.4795823e-05
   2.4795823e-05
   2.4795823e-05
   2.4795823e-05
   2.4795823e-05
   2.4795823e-05
   2.4795823e-05
   2.4795823e-05
   2.4795823e-05
   2.4795823e-05
   2.4795823e-05
   2.4795823e-05
   2.4795823e-05
   2.4795823e-05
   2.4795823e-05
   2.4795823e-05
   2.4795823e-05
   2.4795823e-05
   2.4795823e-05
   2.4795823e-05
   2.4795823e-05
   2.4795823e-05
   2.4795823e-05
   2.4795823e-05
   2.4795823e-05
   2.4795823e-05
   2.4795822e-05
   2.4795822e-05
   2.4795822e-05
   2.4795822e-05
   2.4795822e-05
   2.4795822e-05
   2.4795822e-05
   2.4795822e-05
   2.4795822e-05
   2.4795822e-05
   2.4795822e-05
   2.4795822e-05
   2.4795822e-05
   2.4795822e-05
   2.4795822e-05
   2.4795822e-05
   2.4795822e-05
   2.4795822e-05
   2.4795822e-05
   2.4795822e-05
   2.4795822e-05
   2.4795822e-05
   2.4795822e-05
   2.4795822e-05
   2.4795822e-05
   2.4795822e-05
   2.4795822e-05
   2.4795822e-05
   2.4795822e-05
   2.4795822e-05
   2.4795822e-05
   2.4795822e-05
   2.4795822e-05
   2.4795822e-05
   2.4795822e-05
   2.4795822e-05
   2.4795822e-05
   2.4795822e-05
   2.4795822e-05
   2.4795822e-05
   2.4795822e-05
   2.4795822e-05
   2.4795822e-05
   2.4795822e-05
   2.4795822e-05
   2.4795822e-05
   2.4795822e-05
   2.4795822e-05
   2.4795822e-05
   2.4795822e-05
   2.4795822e-05
   2.4795822e-05
   2.4795822e-05
   2.4795822e-05
   2.4795822e-05
   2.4795822e-05
   2.4795822e-05
   2.4795822e-05
   2.4795822e-05
   2.4795822e-05
   2.4795822e-05
   2.4795822e-05
   2.4795822e-05
   2.4795822e-05
   2.4795822e-05
   2.4795822e-05
   2.4795822e-05
   2.4795822e-05
   2.4795822e-05
   2.4795822e-05
   2.4795822e-05
   2.4795822e-05
   2.4795822e-05
   2.4795822e-05
   2.4795822e-05
   2.4795822e-05
   2.4795822e-05
   2.4795822e-05
   2.4795822e-05
   2.4795822e-05
   2.4795822e-05
   2.4795822e-05
   2.4795822e-05
   2.4795822e-05
   2.4795822e-05
   2.4795822e-05
   2.4795822e-05
   2.4795822e-05
   2.4795822e-05
   2.4795822e-05
   2.4795822e-05
   2.4795822e-05
   2.4795822e-05
   2.4795822e-05
   2.4795822e-05
   2.4795822e-05
   2.4795822e-05
   2.4795822e-05
   2.4795822e-05
   2.4795822e-05
   2.4795822e-05
   2.4795822e-05
   2.4795821e-05
   2.4795821e-05
   2.4795821e-05
   2.4795821e-05
   2.4795821e-05
   2.4795821e-05
   2.4795821e-05
   2.4795821e-05
   2.4795821e-05
   2.4795821e-05
   2.4795821e-05
   2.4795821e-05
   2.4795821e-05
   2.4795821e-05
   2.4795821e-05
   2.4795821e-05
   2.4795821e-05
   2.4795821e-05
   2.4795821e-05
   2.4795821e-05
   2.4795821e-05
   2.4795821e-05
   2.4795821e-05
   2.4795821e-05
   2.4795821e-05
   2.4795821e-05
   2.4795821e-05
   2.4795821e-05
   2.4795821e-05
   2.4795821e-05
   2.4795821e-05
   2.4795821e-05
   2.4795821e-05
   2.4795821e-05
   2.4795821e-05
   2.4795821e-05
   2.4795821e-05
   2.4795821e-05
   2.4795821e-05
   2.4795821e-05
   2.4795821e-05
   2.4795821e-05
   2.4795821e-05
   2.4795821e-05
   2.4795821e-05
   2.4795821e-05
   2.4795821e-05
   2.4795821e-05
   2.4795821e-05
   2.4795821e-05
   2.4795821e-05
   2.4795821e-05
   2.4795821e-05
   2.4795821e-05
   2.4795821e-05
   2.4795821e-05
   2.4795821e-05
   2.4795821e-05
   2.4795821e-05
   2.4795821e-05
   2.4795821e-05
   2.4795821e-05
   2.4795821e-05
   2.4795821e-05
   2.4795821e-05
   2.4795821e-05
   2.4795821e-05
   2.4795821e-05
   2.4795821e-05
   2.4795821e-05
   2.4795821e-05
   2.4795821e-05
   2.4795821e-05
   2.4795821e-05
   2.4795821e-05
   2.4795821e-05
   2.4795821e-05
   2.4795821e-05
   2.4795821e-05
   2.4795821e-05
   2.4795821e-05
   2.4795821e-05
   2.4795821e-05
   2.4795821e-05
   2.4795821e-05
   2.4795821e-05
   2.4795821e-05
   2.4795821e-05
   2.4795821e-05
   2.4795821e-05
   2.4795821e-05
   2.4795821e-05
   2.4795821e-05
   2.4795821e-05
   2.4795821e-05
   2.4795821e-05
   2.4795821e-05
   2.4795821e-05
   2.4795821e-05
   2.4795821e-05
   2.4795821e-05
   2.4795821e-05
   2.4795821e-05
   2.4795821e-05
   2.4795821e-05
   2.4795821e-05
   2.4795821e-05
   2.4795820e-05
   2.4795820e-05
   2.4795820e-05
   2.4795820e-05
   2.4795820e-05
   2.4795820e-05
   2.4795820e-05
   2.4795820e-05
   2.4795820e-05
   2.4795820e-05
   2.4795820e-05
   2.4795820e-05
   2.4795820e-05
   2.4795820e-05
   2.4795820e-05
   2.4795820e-05
   2.4795820e-05
   2.4795820e-05
   2.4795820e-05
   2.4795820e-05
   2.4795820e-05
   2.4795820e-05
   2.4795820e-05
   2.4795820e-05
   2.4795820e-05
   2.4795820e-05
   2.4795820e-05
   2.4795820e-05
   2.4795820e-05
   2.4795820e-05
   2.4795820e-05
   2.4795820e-05
   2.4795820e-05
   2.4795820e-05
   2.4795820e-05
   2.4795820e-05
   2.4795820e-05
   2.4795820e-05
   2.4795820e-05
   2.4795820e-05
   2.4795820e-05
   2.4795820e-05
   2.4795820e-05
   2.4795820e-05
   2.4795820e-05
   2.4795820e-05
   2.4795820e-05
   2.4795820e-05
   2.4795820e-05
   2.4795820e-05
   2.4795820e-05
   2.4795820e-05
   2.4795820e-05
   2.4795820e-05
   2.4795820e-05
   2.4795820e-05
   2.4795820e-05
   2.4795820e-05
   2.4795820e-05
   2.4795820e-05
   2.4795820e-05
   2.4795820e-05
   2.4795820e-05
   2.4795820e-05
   2.4795820e-05
   2.4795820e-05
   2.4795820e-05
   2.4795820e-05
   2.4795820e-05
   2.4795820e-05
   2.4795820e-05
   2.4795820e-05
   2.4795820e-05
   2.4795820e-05
   2.4795820e-05
   2.4795820e-05
   2.4795820e-05
   2.4795820e-05
   2.4795820e-05
   2.4795820e-05
   2.4795820e-05
   2.4795820e-05
   2.4795820e-05
   2.4795820e-05
   2.4795820e-05
   2.4795820e-05
   2.4795820e-05
   2.4795820e-05
   2.4795820e-05
   2.4795820e-05
   2.4795820e-05
   2.4795820e-05
   2.4795820e-05
   2.4795820e-05
   2.4795820e-05
   2.4795820e-05
   2.4795820e-05
   2.4795820e-05
   2.4795820e-05
   2.4795820e-05
   2.4795820e-05
   2.4795820e-05
   2.4795820e-05
   2.4795820e-05
   2.4795820e-05
   2.4795820e-05
   2.4795820e-05
   2.4795820e-05
   2.4795820e-05
   2.4795820e-05
   2.4795820e-05
   2.4795820e-05
   2.4795820e-05
   2.4795820e-05
   2.4795820e-05
   2.4795820e-05
   2.4795820e-05
   2.4795820e-05
   2.4795820e-05
   2.4795820e-05
   2.4795820e-05
   2.4795820e-05
   2.4795820e-05
   2.4795820e-05
   2.4795820e-05
   2.4795820e-05
   2.4795820e-05
   2.4795820e-05
   2.4795820e-05
   2.4795820e-05
   2.4795820e-05
   2.4795820e-05
   2.4795820e-05
   2.4795820e-05
   2.4795820e-05
   2.4795820e-05
   2.4795820e-05
   2.4795820e-05
   2.4795820e-05
   2.4795820e-05
   2.4795820e-05
   2.4795820e-05
   2.4795820e-05
   2.4795820e-05
   2.4795820e-05
   2.4795820e-05
   2.4795820e-05
   2.4795820e-05
   2.4795820e-05
   2.4795820e-05
   2.4795820e-05
   2.4795820e-05
   2.4795820e-05
   2.4795820e-05
   2.4795820e-05
   2.4795820e-05
   2.4795820e-05
   2.4795820e-05
   2.4795820e-05
   2.4795820e-05
   2.4795820e-05
   2.4795819e-05
   2.4795819e-05
   2.4795819e-05
   2.4795819e-05
   2.4795819e-05
   2.4795819e-05
   2.4795819e-05
   2.4795819e-05
   2.4795819e-05
   2.4795819e-05
   2.4795819e-05
   2.4795819e-05
   2.4795819e-05
   2.4795819e-05
   2.4795819e-05
   2.4795819e-05
   2.4795819e-05
   2.4795819e-05
   2.4795819e-05
   2.4795819e-05
   2.4795819e-05
   2.4795819e-05
   2.4795819e-05
   2.4795819e-05
   2.4795819e-05
   2.4795819e-05
   2.4795819e-05
   2.4795819e-05
   2.4795819e-05
   2.4795819e-05
   2.4795819e-05
   2.4795819e-05
   2.4795819e-05
   2.4795819e-05
   2.4795819e-05
   2.4795819e-05
   2.4795819e-05
   2.4795819e-05
   2.4795819e-05
   2.4795819e-05
   2.4795819e-05
   2.4795819e-05
   2.4795819e-05
   2.4795819e-05
   2.4795819e-05
   2.4795819e-05
   2.4795819e-05
   2.4795819e-05
   2.4795819e-05
   2.4795819e-05
   2.4795819e-05
   2.4795819e-05
   2.4795819e-05
   2.4795819e-05
   2.4795819e-05
   2.4795819e-05
   2.4795819e-05
   2.4795819e-05
   2.4795819e-05
   2.4795819e-05
   2.4795819e-05
   2.4795819e-05
   2.4795819e-05
   2.4795819e-05
   2.4795819e-05
   2.4795819e-05
   2.4795819e-05
   2.4795819e-05
   2.4795819e-05
   2.4795819e-05
   2.4795819e-05
   2.4795819e-05
   2.4795819e-05
   2.4795819e-05
   2.4795819e-05
   2.4795819e-05
   2.4795819e-05
   2.4795819e-05
   2.4795819e-05
   2.4795819e-05
   2.4795819e-05
   2.4795819e-05
   2.4795819e-05
   2.4795819e-05
   2.4795819e-05
   2.4795819e-05
   2.4795819e-05
   2.4795819e-05
   2.4795819e-05
   2.4795819e-05
   2.4795819e-05
   2.4795819e-05
   2.4795819e-05
   2.4795819e-05
   2.4795819e-05
   2.4795819e-05
   2.4795819e-05
   2.4795819e-05
   2.4795819e-05
   2.4795819e-05
   2.4795819e-05
   2.4795819e-05
   2.4795819e-05
   2.4795819e-05
   2.4795819e-05
   2.4795819e-05
   2.4795819e-05
   2.4795819e-05
   2.4795819e-05
   2.4795819e-05
   2.4795819e-05
   2.4795819e-05
   2.4795819e-05
   2.4795819e-05
   2.4795819e-05
   2.4795819e-05
   2.4795819e-05
   2.4795819e-05
   2.4795819e-05
   2.4795819e-05
   2.4795819e-05
   2.4795819e-05
   2.4795819e-05
   2.4795819e-05
   2.4795819e-05
   2.4795819e-05
   2.4795819e-05
   2.4795819e-05
   2.4795819e-05
   2.4795819e-05
   2.4795819e-05
   2.4795819e-05
   2.4795819e-05
   2.4795819e-05
   2.4795819e-05
   2.4795819e-05
   2.4795819e-05
   2.4795819e-05
   2.4795819e-05
   2.4795819e-05
   2.4795819e-05
   2.4795819e-05
   2.4795819e-05
   2.4795819e-05
   2.4795819e-05
   2.4795819e-05
   2.4795819e-05
   2.4795819e-05
   2.4795819e-05
   2.4795819e-05
   2.4795819e-05
   2.4795819e-05
   2.4795819e-05
   2.4795819e-05
   2.4795819e-05
   2.4795819e-05
   2.4795819e-05
   2.4795819e-05
   2.4795819e-05
   2.4795819e-05
   2.4795819e-05
   2.4795819e-05
   2.4795819e-05
   2.4795819e-05
   2.4795819e-05
   2.4795819e-05
   2.4795819e-05
   2.4795819e-05
   2.4795819e-05
   2.4795819e-05
   2.4795819e-05
   2.4795819e-05
   2.4795819e-05
   2.4795819e-05
   2.4795819e-05
   2.4795819e-05
   2.4795819e-05
   2.4795819e-05
   2.4795819e-05
   2.4795819e-05
   2.4795819e-05
   2.4795819e-05
   2.4795819e-05
   2.4795819e-05
   2.4795819e-05
   2.4795819e-05
   2.4795819e-05
   2.4795819e-05
   2.4795819e-05
   2.4795819e-05
   2.4795819e-05
   2.4795819e-05
   2.4795819e-05
   2.4795819e-05
   2.4795819e-05
   2.4795819e-05
   2.4795819e-05
   2.4795819e-05
   2.4795819e-05
   2.4795819e-05
   2.4795819e-05
   2.4795819e-05
   2.4795819e-05
   2.4795819e-05
   2.4795819e-05
   2.4795819e-05
   2.4795819e-05
   2.4795819e-05
   2.4795819e-05
   2.4795819e-05
   2.4795819e-05
   2.4795819e-05
   2.4795819e-05
   2.4795819e-05
   2.4795819e-05
   2.4795819e-05
   2.4795819e-05
   2.4795819e-05
   2.4795819e-05
   2.4795819e-05
   2.4795819e-05
   2.4795819e-05
   2.4795819e-05
   2.4795819e-05
   2.4795819e-05
   2.4795819e-05
   2.4795819e-05
   2.4795819e-05
   2.4795819e-05
   2.4795819e-05
   2.4795819e-05
   2.4795819e-05
   2.4795819e-05
   2.4795819e-05
   2.4795819e-05
   2.4795819e-05
   2.4795819e-05
   2.4795819e-05
   2.4795819e-05
   2.4795819e-05
   2.4795819e-05
   2.4795819e-05
   2.4795819e-05
   2.4795819e-05
   2.4795819e-05
   2.4795819e-05
   2.4795819e-05
   2.4795819e-05
   2.4795819e-05
   2.4795819e-05
   2.4795819e-05
   2.4795819e-05
   2.4795819e-05
   2.4795819e-05
   2.4795819e-05
   2.4795819e-05
   2.4795819e-05
   2.4795819e-05
   2.4795819e-05
   2.4795819e-05
   2.4795819e-05
   2.4795819e-05
   2.4795819e-05
   2.4795819e-05
   2.4795819e-05
   2.4795819e-05
   2.4795819e-05
   2.4795819e-05
   2.4795819e-05
   2.4795819e-05
   2.4795819e-05
   2.4795819e-05
   2.4795819e-05
   2.4795819e-05
   2.4795819e-05
   2.4795819e-05
   2.4795819e-05
   2.4795819e-05
   2.4795819e-05
   2.4795819e-05
   2.4795819e-05
   2.4795819e-05
   2.4795819e-05
   2.4795819e-05
   2.4795819e-05
   2.4795819e-05
   2.4795819e-05
   2.4795819e-05
   2.4795819e-05
   2.4795819e-05
   2.4795819e-05
   2.4795819e-05
   2.4795819e-05
   2.4795819e-05
   2.4795819e-05
   2.4795819e-05
   2.4795819e-05
   2.4795819e-05
   2.4795819e-05
   2.4795819e-05
   2.4795819e-05
   2.4795819e-05
   2.4795819e-05
   2.4795819e-05
   2.4795819e-05
   2.4795819e-05
   2.4795819e-05
   2.4795819e-05
   2.4795819e-05
   2.4795819e-05
   2.4795819e-05
   2.4795819e-05
   2.4795819e-05
