   4.7120802e-03
   4.7120802e-03
   4.5322427e-03
   4.1077489e-03
   3.7724190e-03
   3.4508481e-03
   3.4032447e-03
   3.2891903e-03
   3.2891903e-03
   3.1952842e-03
   2.9746576e-03
   2.6770262e-03
   2.6493333e-03
   2.4168273e-03
   2.2024025e-03
   2.2024025e-03
   2.1062675e-03
   1.9447118e-03
   1.8198965e-03
   1.6086639e-03
   1.6086639e-03
   1.6086639e-03
   1.5534706e-03
   1.4889878e-03
   1.4502982e-03
   1.3404441e-03
   1.2729620e-03
   1.2190060e-03
   1.1444455e-03
   1.0458116e-03
   1.0458116e-03
   9.7854479e-04
   9.4317940e-04
   9.4317940e-04
   8.5465491e-04
   8.5465491e-04
   8.5465491e-04
   8.5465491e-04
   8.3936981e-04
   8.2247759e-04
   7.9690738e-04
   7.8698875e-04
   7.0012444e-04
   7.0012444e-04
   7.0012444e-04
   6.5252607e-04
   6.5252607e-04
   6.5252607e-04
   5.7340804e-04
   5.7340804e-04
   5.7340804e-04
   5.7340804e-04
   5.7340804e-04
   5.6535562e-04
   5.6535562e-04
   5.6535562e-04
   5.6535562e-04
   5.4268080e-04
   5.4268080e-04
   5.2848697e-04
   5.2848697e-04
   5.2848697e-04
   5.2848697e-04
   4.7740208e-04
   4.5071833e-04
   4.4700195e-04
   4.4700195e-04
   4.4700195e-04
   3.9262271e-04
   3.0964201e-04
   3.0964201e-04
   3.0964201e-04
   3.0964201e-04
   3.0103474e-04
   2.7715929e-04
   2.7715929e-04
   2.7715929e-04
   2.7715929e-04
   2.7715929e-04
   2.7115038e-04
   2.7115038e-04
   2.7115038e-04
   2.5230237e-04
   2.4313179e-04
   2.4313179e-04
   2.4313179e-04
   2.4313179e-04
   2.1502801e-04
   2.1502801e-04
   2.1502801e-04
   2.1502801e-04
   2.1502801e-04
   2.0540105e-04
   1.7469429e-04
   1.7469429e-04
   1.7469429e-04
   1.6480590e-04
   1.6480590e-04
   1.6480590e-04
   1.6181690e-04
   1.6181690e-04
   1.6181690e-04
   1.6181690e-04
   1.4226166e-04
   1.4226166e-04
   1.3313254e-04
   1.3313254e-04
   1.3313254e-04
   1.3313254e-04
   1.3313254e-04
   1.3313254e-04
   1.3313254e-04
   1.3313254e-04
   1.3313254e-04
   1.2383729e-04
   1.1960938e-04
   1.1960938e-04
   1.1960938e-04
   1.1960938e-04
   1.0567175e-04
   9.1592495e-05
   9.1592495e-05
   9.1592495e-05
   9.1592495e-05
   8.4610388e-05
   8.4610388e-05
   8.4610388e-05
   8.3151949e-05
   8.1705178e-05
   8.1705178e-05
   8.1705178e-05
   8.1038849e-05
   8.1038849e-05
   6.6688687e-05
   6.6688687e-05
   6.6688687e-05
   6.6688687e-05
   6.6688687e-05
   6.2814029e-05
   6.2814029e-05
   6.2814029e-05
   6.2814029e-05
   5.9116352e-05
   5.9116352e-05
   5.9116352e-05
   5.9116352e-05
   5.9116352e-05
   4.5999717e-05
   4.5999717e-05
   4.2593898e-05
   4.2593898e-05
   4.2593898e-05
   4.2593898e-05
   3.7615799e-05
   3.7615799e-05
   3.7615799e-05
   3.7615799e-05
   3.5888884e-05
   3.5888884e-05
   3.5888884e-05
   3.4751207e-05
   3.3388713e-05
   3.3388713e-05
   3.3214171e-05
   3.3214171e-05
   3.3214171e-05
   3.2282436e-05
   3.2282436e-05
   3.1161638e-05
   3.1161638e-05
   3.1161638e-05
   2.9077014e-05
   2.8742265e-05
   2.8742265e-05
   2.8742265e-05
   2.7727417e-05
   2.7727417e-05
   2.7727417e-05
   2.7727417e-05
   2.7727417e-05
   2.7727417e-05
   2.7362694e-05
   2.7362694e-05
   2.6942538e-05
   2.6015876e-05
   2.4253232e-05
   2.4253232e-05
   2.4253232e-05
   2.4253232e-05
   2.4253232e-05
   2.4149709e-05
   1.7715890e-05
   1.7715890e-05
   1.7449657e-05
   1.7449657e-05
   1.7449657e-05
   1.6946256e-05
   1.6946256e-05
   1.6946256e-05
   1.5776861e-05
   1.5323933e-05
   1.1836928e-05
   1.1836928e-05
   1.1836928e-05
   1.1836928e-05
   1.1836928e-05
   1.1236189e-05
   1.1236189e-05
   1.1236189e-05
   1.1001629e-05
   1.1001629e-05
   1.1001629e-05
   1.1001629e-05
   1.1001629e-05
   1.0997196e-05
   1.0303569e-05
   9.5511197e-06
   9.4770606e-06
   9.4770606e-06
   9.2671108e-06
   8.3288317e-06
   8.3288317e-06
   8.0088050e-06
   8.0088050e-06
   7.4111823e-06
   7.0130916e-06
   7.0130916e-06
   7.0130916e-06
   7.0130916e-06
   6.9158078e-06
   6.9158078e-06
   6.8029227e-06
   6.8029227e-06
   6.5339919e-06
   6.4470934e-06
   6.2426438e-06
   6.2250647e-06
   5.8140759e-06
   5.4632878e-06
   5.4632878e-06
   5.2067781e-06
   4.9137304e-06
   4.9137304e-06
   4.9137304e-06
   4.9137304e-06
   4.7437030e-06
   4.7437030e-06
   4.7437030e-06
   4.5542123e-06
   4.4293162e-06
   4.4293162e-06
   4.3432752e-06
   4.3432752e-06
   4.3432752e-06
   4.3432752e-06
   4.3432752e-06
   4.2831113e-06
   4.2831113e-06
   3.9274564e-06
   3.9274564e-06
   3.9274564e-06
   3.9274564e-06
   3.9274564e-06
   3.9274564e-06
   3.9274564e-06
   3.7112472e-06
   3.7112472e-06
   3.6797057e-06
   3.6797057e-06
   3.6797057e-06
   3.6238014e-06
   3.5387803e-06
   3.5387803e-06
   3.5387803e-06
   3.4742248e-06
   3.1932450e-06
   3.0192703e-06
   3.0192703e-06
   3.0192703e-06
   3.0192703e-06
   3.0192703e-06
   3.0167193e-06
   2.9994015e-06
   2.9417647e-06
   2.9417647e-06
   2.9417647e-06
   2.9417647e-06
   2.9417647e-06
   2.9417647e-06
   2.9417647e-06
   2.9417647e-06
   2.9417647e-06
   2.9417647e-06
   2.8980787e-06
   2.8677761e-06
   2.7700265e-06
   2.7587908e-06
   2.6144993e-06
   2.5948608e-06
   2.5948608e-06
   2.4199208e-06
   2.4199208e-06
   2.4199208e-06
   2.4199208e-06
   2.3575530e-06
   2.2820714e-06
   2.2820714e-06
   2.2820714e-06
   2.2820714e-06
   2.2739838e-06
   2.2739838e-06
   2.1227262e-06
   2.0358162e-06
   1.9327327e-06
   1.9327327e-06
   1.9327327e-06
   1.9327327e-06
   1.8224967e-06
   1.8224967e-06
   1.8224967e-06
   1.8124443e-06
   1.6390845e-06
   1.6390845e-06
   1.6390845e-06
   1.6390845e-06
   1.6390845e-06
   1.5734564e-06
   1.5734564e-06
   1.5734564e-06
   1.5734564e-06
   1.5734564e-06
   1.3506768e-06
   1.3506768e-06
   1.3506768e-06
   1.3506768e-06
   1.3506768e-06
   1.3506768e-06
   1.3116615e-06
   1.3116615e-06
   1.3116615e-06
   1.3116615e-06
   1.3116615e-06
   1.3116615e-06
   1.3116615e-06
   1.3116615e-06
   1.3116615e-06
   1.3116615e-06
   1.2989315e-06
   1.2989315e-06
   1.2534643e-06
   1.2534643e-06
   1.2534643e-06
   1.2534643e-06
   1.2534643e-06
   1.1889480e-06
   1.0992351e-06
   1.0992351e-06
   1.0745323e-06
   1.0745323e-06
   1.0745323e-06
   1.0561613e-06
   1.0561613e-06
   1.0550230e-06
   1.0550230e-06
   1.0550230e-06
   1.0500053e-06
   1.0500053e-06
   1.0475344e-06
   1.0475344e-06
   1.0475344e-06
   1.0438959e-06
   1.0346738e-06
   1.0346738e-06
   1.0346738e-06
   1.0346738e-06
   1.0346738e-06
   1.0346738e-06
   1.0271082e-06
   1.0142953e-06
   9.9682044e-07
   9.8633553e-07
   9.8004458e-07
   9.5582159e-07
   9.5582159e-07
   9.5248765e-07
   9.5248765e-07
   9.5248765e-07
   9.5248765e-07
   9.4344131e-07
   9.4344131e-07
   9.4344131e-07
   9.4344131e-07
   9.4344131e-07
   9.4344131e-07
   9.4344131e-07
   9.2197476e-07
   9.0891602e-07
   9.0891602e-07
   8.8938734e-07
   8.7734966e-07
   8.7734966e-07
   8.7734966e-07
   8.7734966e-07
   8.7734966e-07
   8.7734966e-07
   8.7734966e-07
   8.7734966e-07
   8.7734966e-07
   8.7734966e-07
   8.7734966e-07
   8.7734966e-07
   8.7734966e-07
   8.7734966e-07
   7.7603590e-07
   7.7603590e-07
   7.7603590e-07
   7.7603590e-07
   7.7603590e-07
   7.7603590e-07
   7.7603590e-07
   7.7603590e-07
   7.7603590e-07
   7.7603590e-07
   7.7603590e-07
   7.7603590e-07
   7.6827400e-07
   7.5567326e-07
   7.5567326e-07
   7.5567326e-07
   7.4855637e-07
   7.4855637e-07
   7.4855637e-07
   7.4855637e-07
   7.4855637e-07
   7.4301167e-07
   7.4301167e-07
   7.4301167e-07
   7.4301167e-07
   7.4301167e-07
   7.4301167e-07
   7.4295126e-07
   7.4293399e-07
   7.4292363e-07
   7.4291742e-07
   7.4291369e-07
   7.4291145e-07
   7.4291011e-07
   7.4290930e-07
   7.3148350e-07
   7.3148350e-07
   7.3148350e-07
   7.0803260e-07
   7.0803260e-07
   7.0803260e-07
   7.0803260e-07
   7.0803260e-07
   7.0803260e-07
   7.0803260e-07
   7.0803260e-07
   7.0803260e-07
   6.8787725e-07
   6.8787725e-07
   6.8787725e-07
   6.8787725e-07
   6.8787725e-07
   6.8787725e-07
   6.8787725e-07
   6.8787725e-07
   6.8325920e-07
   6.7928869e-07
   6.7928869e-07
   6.7928869e-07
   6.7810289e-07
   6.7810289e-07
   6.7810289e-07
   6.7810289e-07
   6.7810289e-07
   6.7810289e-07
   6.7810289e-07
   6.7810289e-07
   6.7810289e-07
   6.7810289e-07
   6.7776196e-07
   6.7776196e-07
   6.7776196e-07
   6.7776196e-07
   6.7363103e-07
   6.7043882e-07
   6.6619115e-07
   6.6139956e-07
   6.6139956e-07
   6.6139956e-07
   6.6139956e-07
   6.5992406e-07
   6.5992406e-07
   6.5519932e-07
   6.5519932e-07
   6.5519932e-07
   6.5354029e-07
   6.4333518e-07
   6.4333518e-07
   6.4333518e-07
   6.4333518e-07
   6.4333518e-07
   6.4333518e-07
   6.4333518e-07
   6.4333518e-07
   6.4333518e-07
   6.3553754e-07
   6.3553754e-07
   6.3553754e-07
   6.3553754e-07
   6.3553754e-07
   6.3553754e-07
   6.3553754e-07
   6.3553754e-07
   6.3553754e-07
   6.3553754e-07
   6.3553754e-07
   6.2974329e-07
   6.2902566e-07
   6.2902566e-07
   6.2896746e-07
   6.2896746e-07
   6.2896746e-07
   6.2889780e-07
   6.2690385e-07
   6.2690385e-07
   6.2690385e-07
   6.2690385e-07
   6.2690385e-07
   6.2658207e-07
   6.2658207e-07
   6.2658207e-07
   6.2546368e-07
   6.2546368e-07
   6.2546368e-07
   6.2480387e-07
   6.2480387e-07
   6.2480387e-07
   6.2480387e-07
   6.2480387e-07
   6.2480387e-07
   6.2480037e-07
   6.2480037e-07
   6.2471004e-07
   6.2419962e-07
   6.1840250e-07
   6.1840250e-07
   6.1840250e-07
   6.1840250e-07
   6.1570393e-07
   6.1402612e-07
   6.1301943e-07
   6.1301943e-07
   6.1301943e-07
   6.1301907e-07
   6.1250178e-07
   6.1219141e-07
   6.1200519e-07
   6.1189346e-07
   6.1182642e-07
   6.1161081e-07
   6.1024860e-07
   6.1024860e-07
   6.1024860e-07
   6.0993738e-07
   6.0993738e-07
   6.0993738e-07
   6.0923854e-07
   6.0863905e-07
   6.0827935e-07
   6.0806353e-07
   6.0793404e-07
   6.0601244e-07
   6.0601244e-07
   6.0601244e-07
   6.0601244e-07
   6.0601244e-07
   6.0576741e-07
   6.0576741e-07
   6.0555439e-07
   6.0555439e-07
   6.0555439e-07
   6.0518459e-07
   6.0505182e-07
   6.0475682e-07
   6.0457982e-07
   6.0447362e-07
   6.0440990e-07
   6.0437167e-07
   6.0434873e-07
   6.0433496e-07
   6.0432671e-07
   6.0387671e-07
   6.0387671e-07
   6.0376702e-07
   6.0339071e-07
   6.0312141e-07
   6.0291482e-07
   6.0255655e-07
   6.0255655e-07
   6.0041970e-07
   6.0041970e-07
   5.9971938e-07
   5.9971938e-07
   5.8962666e-07
   5.8962666e-07
   5.8962666e-07
   5.8962666e-07
   5.8307615e-07
   5.8307615e-07
   5.8307615e-07
   5.8307615e-07
   5.8307615e-07
   5.8307615e-07
   5.8307615e-07
   5.8307615e-07
   5.8307615e-07
   5.8307615e-07
   5.8307615e-07
   5.8307615e-07
   5.8307615e-07
   5.8307615e-07
   5.8307615e-07
   5.8307615e-07
   5.8307615e-07
   5.8307615e-07
   5.8307615e-07
   5.8307615e-07
   5.8211595e-07
   5.8116191e-07
   5.8058948e-07
   5.8024603e-07
   5.8003996e-07
   5.7991631e-07
   5.7984213e-07
   5.7979762e-07
   5.7977091e-07
   5.7684869e-07
   5.7684869e-07
   5.7684869e-07
   5.7684869e-07
   5.7684869e-07
   5.7684869e-07
   5.7684869e-07
   5.7684869e-07
   5.7684869e-07
   5.7684869e-07
   5.7684869e-07
   5.7684869e-07
   5.7614051e-07
   5.7471079e-07
   5.7334355e-07
   5.7334355e-07
   5.7334355e-07
   5.7179661e-07
   5.7179661e-07
   5.7179661e-07
   5.7179661e-07
   5.7179661e-07
   5.7179661e-07
   5.7179661e-07
   5.7150336e-07
   5.7113786e-07
   5.7113786e-07
   5.7093369e-07
   5.7093369e-07
   5.7093369e-07
   5.7093369e-07
   5.7063215e-07
   5.6961751e-07
   5.6961751e-07
   5.6961751e-07
   5.6961751e-07
   5.6961751e-07
   5.6961751e-07
   5.6961751e-07
   5.6961751e-07
   5.6859082e-07
   5.6643378e-07
   5.6643378e-07
   5.6643378e-07
   5.6643378e-07
   5.6643378e-07
   5.6527268e-07
   5.6527268e-07
   5.6527268e-07
   5.6527268e-07
   5.6527268e-07
   5.6527268e-07
   5.6527268e-07
   5.6527268e-07
   5.6527268e-07
   5.6527268e-07
   5.6527268e-07
   5.6527268e-07
   5.6527268e-07
   5.6527268e-07
   5.6521979e-07
   5.6521979e-07
   5.5955860e-07
   5.5955860e-07
   5.5912763e-07
   5.5912763e-07
   5.5797169e-07
   5.5678666e-07
   5.5607564e-07
   5.5607564e-07
   5.5607564e-07
   5.5607564e-07
   5.5607564e-07
   5.5607564e-07
   5.5489686e-07
   5.5489686e-07
   5.5489686e-07
   5.5277895e-07
   5.5277895e-07
   5.5277895e-07
   5.5277895e-07
   5.5277895e-07
   5.5277895e-07
   5.5277895e-07
   5.5277895e-07
   5.5277895e-07
   5.5277895e-07
   5.5205861e-07
   5.5205861e-07
   5.5205861e-07
   5.5201600e-07
   5.5201600e-07
   5.5201600e-07
   5.5201600e-07
   5.5132059e-07
   5.5132059e-07
   5.5132059e-07
   5.5095434e-07
   5.5095434e-07
   5.5061664e-07
   5.5018434e-07
   5.4996712e-07
   5.4974477e-07
   5.4972975e-07
   5.4972073e-07
   5.4971532e-07
   5.4942259e-07
   5.4942259e-07
   5.4931760e-07
   5.4931760e-07
   5.4918935e-07
   5.4918935e-07
   5.4907685e-07
   5.4907685e-07
   5.4907685e-07
   5.4898204e-07
   5.4891815e-07
   5.4891815e-07
   5.4891815e-07
   5.4891815e-07
   5.4891815e-07
   5.4891642e-07
   5.4890132e-07
   5.4890132e-07
   5.4890132e-07
   5.4890132e-07
   5.4888742e-07
   5.4888742e-07
   5.4888654e-07
   5.4877102e-07
   5.4848416e-07
   5.4822265e-07
   5.4822265e-07
   5.4803750e-07
   5.4803750e-07
   5.4803455e-07
   5.4800515e-07
   5.4800515e-07
   5.4788593e-07
   5.4735464e-07
   5.4696468e-07
   5.4673069e-07
   5.4659030e-07
   5.4659030e-07
   5.4656860e-07
   5.4656860e-07
   5.4656668e-07
   5.4633376e-07
   5.4617267e-07
   5.4617267e-07
   5.4605709e-07
   5.4604574e-07
   5.4603892e-07
   5.4603483e-07
   5.4603238e-07
   5.4579862e-07
   5.4559154e-07
   5.4559154e-07
   5.4552227e-07
   5.4552227e-07
   5.4552227e-07
   5.4552227e-07
   5.4552227e-07
   5.4552227e-07
   5.4535699e-07
   5.4535699e-07
   5.4535699e-07
   5.4535699e-07
   5.4535699e-07
   5.4535699e-07
   5.4535699e-07
   5.4535699e-07
   5.4516599e-07
   5.4516599e-07
   5.4516599e-07
   5.4516599e-07
   5.4516599e-07
   5.4516599e-07
   5.4516599e-07
   5.4516524e-07
   5.4512755e-07
   5.4508018e-07
   5.4496361e-07
   5.4485627e-07
   5.4478575e-07
   5.4472249e-07
   5.4465214e-07
   5.4465214e-07
   5.4463006e-07
   5.4463006e-07
   5.4463006e-07
   5.4463006e-07
   5.4458996e-07
   5.4447678e-07
   5.4431338e-07
   5.4431338e-07
   5.4431338e-07
   5.4419536e-07
   5.4406854e-07
   5.4406854e-07
   5.4394237e-07
   5.4394237e-07
   5.4391483e-07
   5.4383220e-07
   5.4375270e-07
   5.4365819e-07
   5.4360142e-07
   5.4356736e-07
   5.4351602e-07
   5.4351602e-07
   5.4342278e-07
   5.4342278e-07
   5.4330950e-07
   5.4330950e-07
   5.4330950e-07
   5.4330950e-07
   5.4330950e-07
   5.4312526e-07
   5.4312526e-07
   5.4307810e-07
   5.4307810e-07
   5.4294529e-07
   5.4294529e-07
   5.4294529e-07
   5.4279356e-07
   5.4279356e-07
   5.4279356e-07
   5.4279356e-07
   5.4279356e-07
   5.4279356e-07
   5.4279356e-07
   5.4279356e-07
   5.4279356e-07
   5.4260946e-07
   5.4254357e-07
   5.4254357e-07
   5.4254357e-07
   5.4254357e-07
   5.4248256e-07
   5.4248256e-07
   5.4248256e-07
   5.4248256e-07
   5.4248256e-07
   5.4244128e-07
   5.4244128e-07
   5.4244128e-07
   5.4244128e-07
   5.4241494e-07
   5.4236735e-07
   5.4236735e-07
   5.4236614e-07
   5.4236614e-07
   5.4236614e-07
   5.4236614e-07
   5.4198801e-07
   5.4198801e-07
   5.4190612e-07
   5.4190612e-07
   5.4190612e-07
   5.4190612e-07
   5.4190612e-07
   5.4190612e-07
   5.4190612e-07
   5.4190612e-07
   5.4175805e-07
   5.4171227e-07
   5.4171227e-07
   5.4170106e-07
   5.4170106e-07
   5.4170106e-07
   5.4170106e-07
   5.4170106e-07
   5.4170106e-07
   5.4168865e-07
   5.4157237e-07
   5.4157237e-07
   5.4157237e-07
   5.4157237e-07
   5.4157237e-07
   5.4157237e-07
   5.4157237e-07
   5.4148044e-07
   5.4140746e-07
   5.4140746e-07
   5.4140746e-07
   5.4140746e-07
   5.4140746e-07
   5.4140746e-07
   5.4140746e-07
   5.4140746e-07
   5.4133227e-07
   5.4133227e-07
   5.4133227e-07
   5.4130589e-07
   5.4130589e-07
   5.4130589e-07
   5.4130589e-07
   5.4130589e-07
   5.4130589e-07
   5.4130589e-07
   5.4130589e-07
   5.4130589e-07
   5.4130589e-07
   5.4130589e-07
   5.4130589e-07
   5.4130565e-07
   5.4130565e-07
   5.4130565e-07
   5.4130565e-07
   5.4130565e-07
   5.4130434e-07
   5.4130434e-07
   5.4130434e-07
   5.4129823e-07
   5.4129823e-07
   5.4129337e-07
   5.4128920e-07
   5.4128670e-07
   5.4128074e-07
   5.4125904e-07
   5.4123478e-07
   5.4123478e-07
   5.4122985e-07
   5.4122355e-07
   5.4122355e-07
   5.4121721e-07
   5.4121093e-07
   5.4121093e-07
   5.4121093e-07
   5.4118702e-07
   5.4116920e-07
   5.4116920e-07
   5.4115996e-07
   5.4112957e-07
   5.4112957e-07
   5.4111272e-07
   5.4109425e-07
   5.4109425e-07
   5.4095723e-07
   5.4095305e-07
   5.4067323e-07
   5.4067323e-07
   5.4059816e-07
   5.4057269e-07
   5.4034536e-07
   5.3999804e-07
   5.3999804e-07
   5.3999804e-07
   5.3967268e-07
   5.3897030e-07
   5.3866291e-07
   5.3866291e-07
   5.3866291e-07
   5.3866291e-07
   5.3866291e-07
   5.3866291e-07
   5.3866291e-07
   5.3866291e-07
   5.3856558e-07
   5.3856558e-07
   5.3856558e-07
   5.3856558e-07
   5.3856558e-07
   5.3856558e-07
   5.3856558e-07
   5.3856558e-07
   5.3856558e-07
   5.3856558e-07
   5.3856558e-07
   5.3856558e-07
   5.3856558e-07
   5.3856558e-07
   5.3856558e-07
   5.3856558e-07
   5.3856558e-07
   5.3856558e-07
   5.3856138e-07
   5.3856138e-07
   5.3855928e-07
   5.3855928e-07
   5.3855479e-07
   5.3855479e-07
   5.3855479e-07
   5.3855479e-07
   5.3854882e-07
   5.3854046e-07
   5.3854046e-07
   5.3854046e-07
   5.3854046e-07
   5.3854046e-07
   5.3854046e-07
   5.3853545e-07
   5.3853545e-07
   5.3853545e-07
   5.3851165e-07
   5.3851165e-07
   5.3851165e-07
   5.3851165e-07
   5.3851165e-07
   5.3851165e-07
   5.3851165e-07
   5.3851165e-07
   5.3851165e-07
   5.3851165e-07
   5.3851165e-07
   5.3851165e-07
   5.3851165e-07
   5.3851165e-07
   5.3851165e-07
   5.3851165e-07
   5.3851165e-07
   5.3850850e-07
   5.3850850e-07
   5.3850850e-07
   5.3850105e-07
   5.3845882e-07
   5.3845882e-07
   5.3844733e-07
   5.3844733e-07
   5.3843494e-07
   5.3842540e-07
   5.3841968e-07
   5.3841968e-07
   5.3841933e-07
   5.3841933e-07
   5.3841933e-07
   5.3841933e-07
   5.3841835e-07
   5.3841835e-07
   5.3841835e-07
   5.3841805e-07
   5.3841147e-07
   5.3839325e-07
   5.3837666e-07
   5.3836477e-07
   5.3835764e-07
   5.3835764e-07
   5.3835764e-07
   5.3835764e-07
   5.3835720e-07
   5.3835490e-07
   5.3835353e-07
   5.3834847e-07
   5.3834847e-07
   5.3834847e-07
   5.3834800e-07
   5.3834489e-07
   5.3834072e-07
   5.3834072e-07
   5.3834072e-07
   5.3834072e-07
   5.3834072e-07
   5.3834072e-07
   5.3834072e-07
   5.3834072e-07
   5.3834072e-07
   5.3834072e-07
   5.3834072e-07
   5.3834045e-07
   5.3834015e-07
   5.3833997e-07
   5.3833986e-07
   5.3833980e-07
   5.3833976e-07
   5.3833974e-07
   5.3833775e-07
   5.3833775e-07
   5.3833708e-07
   5.3833708e-07
   5.3833708e-07
   5.3833592e-07
   5.3833418e-07
   5.3833418e-07
   5.3833057e-07
   5.3832774e-07
   5.3832500e-07
   5.3832384e-07
   5.3832251e-07
   5.3831666e-07
   5.3831666e-07
   5.3831666e-07
   5.3831472e-07
   5.3831207e-07
   5.3830801e-07
   5.3830801e-07
   5.3830497e-07
   5.3829963e-07
   5.3829963e-07
   5.3829963e-07
   5.3829963e-07
   5.3829713e-07
   5.3829713e-07
   5.3829622e-07
   5.3829622e-07
   5.3829613e-07
   5.3829497e-07
   5.3829497e-07
   5.3829360e-07
   5.3829360e-07
   5.3829360e-07
   5.3829360e-07
   5.3829360e-07
   5.3829263e-07
   5.3829263e-07
   5.3829176e-07
   5.3829176e-07
   5.3829176e-07
   5.3829176e-07
   5.3829176e-07
   5.3829176e-07
   5.3829176e-07
   5.3829161e-07
   5.3829161e-07
   5.3829161e-07
   5.3829161e-07
   5.3829161e-07
   5.3829145e-07
   5.3829145e-07
   5.3829143e-07
   5.3829143e-07
   5.3829077e-07
   5.3829067e-07
   5.3829020e-07
   5.3828960e-07
   5.3828769e-07
   5.3828765e-07
   5.3828620e-07
   5.3828533e-07
   5.3828533e-07
   5.3828533e-07
   5.3828533e-07
   5.3828533e-07
   5.3828351e-07
   5.3828351e-07
   5.3828351e-07
   5.3828351e-07
   5.3828351e-07
   5.3828351e-07
   5.3828351e-07
   5.3828351e-07
   5.3828351e-07
   5.3828351e-07
   5.3828300e-07
   5.3828284e-07
   5.3828284e-07
   5.3828284e-07
   5.3828284e-07
   5.3828284e-07
   5.3828284e-07
   5.3828284e-07
   5.3828284e-07
   5.3828284e-07
   5.3828284e-07
   5.3828284e-07
   5.3828284e-07
   5.3828284e-07
   5.3828284e-07
   5.3828284e-07
   5.3828284e-07
   5.3828271e-07
   5.3828258e-07
   5.3828249e-07
   5.3828213e-07
   5.3828213e-07
   5.3828213e-07
   5.3828213e-07
   5.3828190e-07
   5.3828190e-07
   5.3828190e-07
   5.3828182e-07
   5.3828169e-07
   5.3828155e-07
   5.3828155e-07
   5.3828155e-07
   5.3828155e-07
   5.3828030e-07
   5.3827901e-07
   5.3827664e-07
   5.3827236e-07
   5.3826888e-07
   5.3826485e-07
   5.3825866e-07
   5.3825780e-07
   5.3825780e-07
   5.3825780e-07
   5.3825583e-07
   5.3825237e-07
   5.3825237e-07
   5.3825094e-07
   5.3825094e-07
   5.3825001e-07
   5.3825001e-07
   5.3825001e-07
   5.3825001e-07
   5.3824981e-07
   5.3824981e-07
   5.3824981e-07
   5.3824981e-07
   5.3824981e-07
   5.3824981e-07
   5.3824981e-07
   5.3824981e-07
   5.3824979e-07
   5.3824958e-07
   5.3824945e-07
   5.3824945e-07
   5.3824945e-07
   5.3824942e-07
   5.3824939e-07
   5.3824936e-07
   5.3824935e-07
   5.3824934e-07
   5.3824934e-07
   5.3824927e-07
   5.3824775e-07
   5.3824775e-07
   5.3824613e-07
   5.3824236e-07
   5.3823656e-07
   5.3823656e-07
   5.3823421e-07
   5.3823421e-07
   5.3823421e-07
   5.3823252e-07
   5.3823252e-07
   5.3823209e-07
   5.3823209e-07
   5.3822969e-07
   5.3822569e-07
   5.3822569e-07
   5.3822562e-07
   5.3822562e-07
   5.3822479e-07
   5.3822210e-07
   5.3822210e-07
   5.3822119e-07
   5.3822119e-07
   5.3822119e-07
   5.3822119e-07
   5.3822062e-07
   5.3822062e-07
   5.3822062e-07
   5.3822062e-07
   5.3822062e-07
   5.3821686e-07
   5.3821686e-07
   5.3821686e-07
   5.3821686e-07
   5.3821686e-07
   5.3821679e-07
   5.3821679e-07
   5.3821679e-07
   5.3821679e-07
   5.3821679e-07
   5.3821679e-07
   5.3821594e-07
   5.3821594e-07
   5.3821594e-07
   5.3821594e-07
   5.3821594e-07
   5.3821594e-07
   5.3821594e-07
   5.3821594e-07
   5.3821594e-07
   5.3821594e-07
   5.3821594e-07
   5.3821594e-07
   5.3821545e-07
   5.3821339e-07
   5.3821339e-07
   5.3821339e-07
   5.3821339e-07
   5.3821339e-07
   5.3821339e-07
   5.3821339e-07
   5.3821339e-07
   5.3821339e-07
   5.3821339e-07
   5.3821327e-07
   5.3821327e-07
   5.3821327e-07
   5.3821298e-07
   5.3821214e-07
   5.3821214e-07
   5.3821214e-07
   5.3821214e-07
   5.3821214e-07
   5.3821158e-07
   5.3821158e-07
   5.3821156e-07
   5.3821156e-07
   5.3821076e-07
   5.3821076e-07
   5.3821076e-07
   5.3821076e-07
   5.3821076e-07
   5.3821076e-07
   5.3821076e-07
   5.3821076e-07
   5.3821076e-07
   5.3821076e-07
   5.3821075e-07
   5.3821075e-07
   5.3821075e-07
   5.3821041e-07
   5.3821041e-07
   5.3821041e-07
   5.3821026e-07
   5.3821026e-07
   5.3821026e-07
   5.3821026e-07
   5.3821026e-07
   5.3820996e-07
   5.3820968e-07
   5.3820968e-07
   5.3820935e-07
   5.3820865e-07
   5.3820822e-07
   5.3820822e-07
   5.3820803e-07
   5.3820803e-07
   5.3820771e-07
   5.3820771e-07
   5.3820771e-07
   5.3820771e-07
   5.3820771e-07
   5.3820762e-07
   5.3820737e-07
   5.3820737e-07
   5.3820737e-07
   5.3820737e-07
   5.3820737e-07
   5.3820737e-07
   5.3820737e-07
   5.3820737e-07
   5.3820737e-07
   5.3820733e-07
   5.3820733e-07
   5.3820717e-07
   5.3820690e-07
   5.3820673e-07
   5.3820673e-07
   5.3820673e-07
   5.3820673e-07
   5.3820671e-07
   5.3820671e-07
   5.3820671e-07
   5.3820671e-07
   5.3820668e-07
   5.3820665e-07
   5.3820665e-07
   5.3820665e-07
   5.3820665e-07
   5.3820665e-07
   5.3820665e-07
   5.3820664e-07
   5.3820658e-07
   5.3820658e-07
   5.3820656e-07
   5.3820656e-07
   5.3820656e-07
   5.3820656e-07
   5.3820656e-07
   5.3820656e-07
   5.3820656e-07
   5.3820655e-07
   5.3820653e-07
   5.3820652e-07
   5.3820651e-07
   5.3820650e-07
   5.3820649e-07
   5.3820649e-07
   5.3820647e-07
   5.3820647e-07
   5.3820625e-07
   5.3820421e-07
   5.3820421e-07
   5.3820421e-07
   5.3820421e-07
   5.3820313e-07
   5.3820313e-07
   5.3820262e-07
   5.3820065e-07
   5.3819974e-07
   5.3819974e-07
   5.3819958e-07
   5.3819958e-07
   5.3819958e-07
   5.3819958e-07
   5.3819630e-07
   5.3819630e-07
   5.3819541e-07
   5.3819412e-07
   5.3819412e-07
   5.3819412e-07
   5.3819369e-07
   5.3819256e-07
   5.3819236e-07
   5.3819185e-07
   5.3819185e-07
   5.3819152e-07
   5.3819152e-07
   5.3819152e-07
   5.3819152e-07
   5.3819152e-07
   5.3819150e-07
   5.3819143e-07
   5.3819112e-07
   5.3819093e-07
   5.3819082e-07
   5.3819082e-07
   5.3819079e-07
   5.3819063e-07
   5.3819044e-07
   5.3819031e-07
   5.3819003e-07
   5.3818986e-07
   5.3818976e-07
   5.3818918e-07
   5.3818778e-07
   5.3818638e-07
   5.3818638e-07
   5.3818638e-07
   5.3818638e-07
   5.3818589e-07
   5.3818559e-07
   5.3818559e-07
   5.3818424e-07
   5.3818424e-07
   5.3818424e-07
   5.3818424e-07
   5.3818424e-07
   5.3818424e-07
   5.3818395e-07
   5.3818301e-07
   5.3818255e-07
   5.3818255e-07
   5.3818255e-07
   5.3818255e-07
   5.3818255e-07
   5.3817825e-07
   5.3817825e-07
   5.3817275e-07
   5.3817275e-07
   5.3816973e-07
   5.3816973e-07
   5.3816777e-07
   5.3816026e-07
   5.3815127e-07
   5.3815127e-07
   5.3814870e-07
   5.3813987e-07
   5.3813987e-07
   5.3813987e-07
   5.3813987e-07
   5.3813987e-07
   5.3813987e-07
   5.3813987e-07
   5.3813987e-07
   5.3813987e-07
   5.3813987e-07
   5.3813987e-07
   5.3813987e-07
   5.3813859e-07
   5.3813859e-07
   5.3813859e-07
   5.3813859e-07
   5.3813859e-07
   5.3813859e-07
   5.3813859e-07
   5.3813850e-07
   5.3813841e-07
   5.3813836e-07
   5.3813833e-07
   5.3813831e-07
   5.3813793e-07
   5.3813793e-07
   5.3813772e-07
   5.3813757e-07
   5.3813748e-07
   5.3813704e-07
   5.3813704e-07
   5.3813390e-07
   5.3813390e-07
   5.3813380e-07
   5.3813380e-07
   5.3813380e-07
   5.3813380e-07
   5.3813380e-07
   5.3813361e-07
   5.3813361e-07
   5.3813320e-07
   5.3813320e-07
   5.3813320e-07
   5.3813320e-07
   5.3813320e-07
   5.3813320e-07
   5.3813297e-07
   5.3813297e-07
   5.3813284e-07
   5.3813240e-07
   5.3813213e-07
   5.3813182e-07
   5.3813165e-07
   5.3813146e-07
   5.3813134e-07
   5.3813109e-07
   5.3813085e-07
   5.3813051e-07
   5.3813004e-07
   5.3813004e-07
   5.3813004e-07
   5.3813004e-07
   5.3813000e-07
   5.3813000e-07
   5.3813000e-07
   5.3812973e-07
   5.3812973e-07
   5.3812971e-07
   5.3812971e-07
   5.3812963e-07
   5.3812947e-07
   5.3812928e-07
   5.3812898e-07
   5.3812898e-07
   5.3812886e-07
   5.3812881e-07
   5.3812857e-07
   5.3812855e-07
   5.3812855e-07
   5.3812855e-07
   5.3812855e-07
   5.3812791e-07
   5.3812791e-07
   5.3812791e-07
   5.3812791e-07
   5.3812791e-07
   5.3812791e-07
   5.3812791e-07
   5.3812791e-07
   5.3812791e-07
   5.3812791e-07
   5.3812791e-07
   5.3812782e-07
   5.3812769e-07
   5.3812769e-07
   5.3812769e-07
   5.3812769e-07
   5.3812745e-07
   5.3812735e-07
   5.3812735e-07
   5.3812733e-07
   5.3812733e-07
   5.3812725e-07
   5.3812725e-07
   5.3812716e-07
   5.3812708e-07
   5.3812703e-07
   5.3812694e-07
   5.3812694e-07
   5.3812694e-07
   5.3812694e-07
   5.3812694e-07
   5.3812685e-07
   5.3812672e-07
   5.3812672e-07
   5.3812667e-07
   5.3812667e-07
   5.3812667e-07
   5.3812667e-07
   5.3812667e-07
   5.3812662e-07
   5.3812662e-07
   5.3812662e-07
   5.3812662e-07
   5.3812662e-07
   5.3812662e-07
   5.3812662e-07
   5.3812660e-07
   5.3812660e-07
   5.3812657e-07
   5.3812657e-07
   5.3812657e-07
   5.3812656e-07
   5.3812655e-07
   5.3812636e-07
   5.3812636e-07
   5.3812636e-07
   5.3812636e-07
   5.3812636e-07
   5.3812636e-07
   5.3812636e-07
   5.3812636e-07
   5.3812633e-07
   5.3812633e-07
   5.3812629e-07
   5.3812629e-07
   5.3812625e-07
   5.3812625e-07
   5.3812625e-07
   5.3812625e-07
   5.3812617e-07
   5.3812617e-07
   5.3812617e-07
   5.3812616e-07
   5.3812616e-07
   5.3812616e-07
   5.3812616e-07
   5.3812614e-07
   5.3812611e-07
   5.3812611e-07
   5.3812611e-07
   5.3812611e-07
   5.3812611e-07
   5.3812604e-07
   5.3812601e-07
   5.3812599e-07
   5.3812599e-07
   5.3812599e-07
   5.3812599e-07
   5.3812598e-07
   5.3812598e-07
   5.3812598e-07
   5.3812592e-07
   5.3812588e-07
   5.3812588e-07
   5.3812588e-07
   5.3812588e-07
   5.3812583e-07
   5.3812581e-07
   5.3812580e-07
   5.3812579e-07
   5.3812579e-07
   5.3812576e-07
   5.3812576e-07
   5.3812576e-07
   5.3812575e-07
   5.3812575e-07
   5.3812575e-07
   5.3812575e-07
   5.3812575e-07
   5.3812575e-07
   5.3812575e-07
   5.3812575e-07
   5.3812575e-07
   5.3812575e-07
   5.3812575e-07
   5.3812575e-07
   5.3812575e-07
   5.3812575e-07
   5.3812575e-07
   5.3812575e-07
   5.3812573e-07
   5.3812573e-07
   5.3812571e-07
   5.3812569e-07
   5.3812569e-07
   5.3812569e-07
   5.3812569e-07
   5.3812566e-07
   5.3812566e-07
   5.3812566e-07
   5.3812566e-07
   5.3812566e-07
   5.3812566e-07
   5.3812566e-07
   5.3812566e-07
   5.3812566e-07
   5.3812564e-07
   5.3812563e-07
   5.3812563e-07
   5.3812563e-07
   5.3812563e-07
   5.3812563e-07
   5.3812563e-07
   5.3812563e-07
   5.3812563e-07
   5.3812560e-07
   5.3812560e-07
   5.3812557e-07
   5.3812556e-07
   5.3812556e-07
   5.3812556e-07
   5.3812551e-07
   5.3812551e-07
   5.3812551e-07
   5.3812551e-07
   5.3812551e-07
   5.3812551e-07
   5.3812551e-07
   5.3812549e-07
   5.3812541e-07
   5.3812535e-07
   5.3812535e-07
   5.3812532e-07
   5.3812532e-07
   5.3812532e-07
   5.3812532e-07
   5.3812532e-07
   5.3812532e-07
   5.3812531e-07
   5.3812530e-07
   5.3812530e-07
   5.3812530e-07
   5.3812530e-07
   5.3812530e-07
   5.3812530e-07
   5.3812525e-07
   5.3812523e-07
   5.3812519e-07
   5.3812517e-07
   5.3812516e-07
   5.3812515e-07
   5.3812512e-07
   5.3812512e-07
   5.3812510e-07
   5.3812510e-07
   5.3812510e-07
   5.3812510e-07
   5.3812508e-07
   5.3812498e-07
   5.3812496e-07
   5.3812496e-07
   5.3812489e-07
   5.3812489e-07
   5.3812489e-07
   5.3812479e-07
   5.3812479e-07
   5.3812468e-07
   5.3812466e-07
   5.3812466e-07
   5.3812466e-07
   5.3812459e-07
   5.3812459e-07
   5.3812459e-07
   5.3812457e-07
   5.3812457e-07
   5.3812457e-07
   5.3812457e-07
   5.3812457e-07
   5.3812457e-07
   5.3812457e-07
   5.3812452e-07
   5.3812450e-07
   5.3812450e-07
   5.3812446e-07
   5.3812446e-07
   5.3812446e-07
   5.3812446e-07
   5.3812446e-07
   5.3812446e-07
   5.3812446e-07
   5.3812443e-07
   5.3812443e-07
   5.3812441e-07
   5.3812440e-07
   5.3812440e-07
   5.3812440e-07
   5.3812440e-07
   5.3812440e-07
   5.3812432e-07
