   8.5923169e+03
   8.5923169e+03
   8.3243954e+03
   7.7045925e+03
   7.6805951e+03
   7.3406172e+03
   7.3026301e+03
   6.8044802e+03
   6.8044802e+03
   6.3607637e+03
   6.1766070e+03
   5.6422309e+03
   5.4708601e+03
   5.1197488e+03
   4.6279241e+03
   4.6279241e+03
   4.2033147e+03
   4.0675817e+03
   3.9038839e+03
   3.5673673e+03
   3.5673673e+03
   3.5673673e+03
   3.4361999e+03
   3.3001432e+03
   3.2627400e+03
   2.9869998e+03
   2.9089975e+03
   2.6819855e+03
   2.5537789e+03
   2.2506208e+03
   2.2506208e+03
   2.2238471e+03
   2.0276228e+03
   2.0276228e+03
   1.7066402e+03
   1.7066402e+03
   1.7066402e+03
   1.7066402e+03
   1.7910888e+03
   1.8630478e+03
   1.6891664e+03
   1.6498908e+03
   1.5616604e+03
   1.5616604e+03
   1.5616604e+03
   1.4784272e+03
   1.4784272e+03
   1.4784272e+03
   1.4220202e+03
   1.4220202e+03
   1.4220202e+03
   1.4220202e+03
   1.4220202e+03
   1.4184163e+03
   1.4184163e+03
   1.4184163e+03
   1.4184163e+03
   1.4873948e+03
   1.4873948e+03
   1.4466832e+03
   1.4466832e+03
   1.4466832e+03
   1.4466832e+03
   1.1464649e+03
   1.0792230e+03
   1.1564576e+03
   1.1564576e+03
   1.1564576e+03
   9.3537644e+02
   7.0844102e+02
   7.0844102e+02
   7.0844102e+02
   7.0844102e+02
   6.8721832e+02
   5.8824513e+02
   5.8824513e+02
   5.8824513e+02
   5.8824513e+02
   5.8824513e+02
   6.1339896e+02
   6.1339896e+02
   6.1339896e+02
   5.3669507e+02
   5.6222024e+02
   5.6222024e+02
   5.6222024e+02
   5.6222024e+02
   4.7180066e+02
   4.7180066e+02
   4.7180066e+02
   4.7180066e+02
   4.7180066e+02
   4.2564617e+02
   3.3692055e+02
   3.3692055e+02
   3.3692055e+02
   3.5800567e+02
   3.5800567e+02
   3.5800567e+02
   3.1102433e+02
   3.1102433e+02
   3.1102433e+02
   3.1102433e+02
   2.8682126e+02
   2.8682126e+02
   2.6571493e+02
   2.6571493e+02
   2.6571493e+02
   2.6571493e+02
   2.6571493e+02
   2.6571493e+02
   2.6571493e+02
   2.6571493e+02
   2.6571493e+02
   2.4739720e+02
   2.7460721e+02
   2.7460721e+02
   2.7460721e+02
   2.7460721e+02
   2.3406858e+02
   2.0362537e+02
   2.0362537e+02
   2.0362537e+02
   2.0362537e+02
   1.8858853e+02
   1.8858853e+02
   1.8858853e+02
   1.8518029e+02
   1.7969299e+02
   1.7969299e+02
   1.7969299e+02
   1.8782901e+02
   1.8782901e+02
   1.5322214e+02
   1.5322214e+02
   1.5322214e+02
   1.5322214e+02
   1.5322214e+02
   1.5248884e+02
   1.5248884e+02
   1.5248884e+02
   1.5248884e+02
   1.4371565e+02
   1.4371565e+02
   1.4371565e+02
   1.4371565e+02
   1.4371565e+02
   1.0745583e+02
   1.0745583e+02
   9.9201589e+01
   9.9201589e+01
   9.9201589e+01
   9.9201589e+01
   9.3031492e+01
   9.3031492e+01
   9.3031492e+01
   9.3031492e+01
   9.1366719e+01
   9.1366719e+01
   9.1366719e+01
   9.0004204e+01
   8.9172748e+01
   8.9172748e+01
   8.9074057e+01
   8.9074057e+01
   8.9074057e+01
   8.8137207e+01
   8.8137207e+01
   8.7940192e+01
   8.7940192e+01
   8.7940192e+01
   8.5948913e+01
   8.5726748e+01
   8.5726748e+01
   8.5726748e+01
   8.5385284e+01
   8.5385284e+01
   8.5385284e+01
   8.5385284e+01
   8.5385284e+01
   8.5385284e+01
   8.4987191e+01
   8.4987191e+01
   8.4029000e+01
   8.3420840e+01
   8.4085768e+01
   8.4085768e+01
   8.4085768e+01
   8.4085768e+01
   8.4085768e+01
   8.3012982e+01
   3.7852265e+01
   3.7852265e+01
   3.7558726e+01
   3.7558726e+01
   3.7558726e+01
   3.6512597e+01
   3.6512597e+01
   3.6512597e+01
   3.4303263e+01
   3.3576507e+01
   2.6763095e+01
   2.6763095e+01
   2.6763095e+01
   2.6763095e+01
   2.6763095e+01
   2.6187787e+01
   2.6187787e+01
   2.6187787e+01
   2.5761675e+01
   2.5761675e+01
   2.5761675e+01
   2.5761675e+01
   2.5761675e+01
   2.5686987e+01
   2.3499662e+01
   2.0895099e+01
   1.9014307e+01
   1.9014307e+01
   2.0754142e+01
   1.7608148e+01
   1.7608148e+01
   1.5342440e+01
   1.5342440e+01
   1.4039529e+01
   1.3533550e+01
   1.3533550e+01
   1.3533550e+01
   1.3533550e+01
   1.3550650e+01
   1.3550650e+01
   1.3154951e+01
   1.3154951e+01
   1.2653987e+01
   1.2605881e+01
   1.2554858e+01
   1.2768346e+01
   1.2033067e+01
   1.0766322e+01
   1.0766322e+01
   1.0622858e+01
   1.0092654e+01
   1.0092654e+01
   1.0092654e+01
   1.0092654e+01
   1.0233486e+01
   1.0233486e+01
   1.0233486e+01
   8.7806717e+00
   8.7111237e+00
   8.7111237e+00
   8.8135787e+00
   8.8135787e+00
   8.8135787e+00
   8.8135787e+00
   8.8135787e+00
   8.9351393e+00
   8.9351393e+00
   8.4725531e+00
   8.4725531e+00
   8.4725531e+00
   8.4725531e+00
   8.4725531e+00
   8.4725531e+00
   8.4725531e+00
   7.8210808e+00
   7.8210808e+00
   7.6881590e+00
   7.6881590e+00
   7.6881590e+00
   7.3406041e+00
   8.0901080e+00
   8.0901080e+00
   8.0901080e+00
   8.2392744e+00
   7.9818444e+00
   7.9815689e+00
   7.9815689e+00
   7.9815689e+00
   7.9815689e+00
   7.9815689e+00
   7.9907993e+00
   8.1337438e+00
   8.0054767e+00
   8.0054767e+00
   8.0054767e+00
   8.0054767e+00
   8.0054767e+00
   8.0054767e+00
   8.0054767e+00
   8.0054767e+00
   8.0054767e+00
   8.0054767e+00
   7.9446915e+00
   7.9168615e+00
   7.8198201e+00
   7.7815544e+00
   7.7069824e+00
   6.0250132e+00
   6.0250132e+00
   5.3442734e+00
   5.3442734e+00
   5.3442734e+00
   5.3442734e+00
   4.6009464e+00
   4.9628258e+00
   4.9628258e+00
   4.9628258e+00
   4.9628258e+00
   4.4098104e+00
   4.4098104e+00
   4.1132314e+00
   3.6439085e+00
   3.6828759e+00
   3.6828759e+00
   3.6828759e+00
   3.6828759e+00
   3.6213516e+00
   3.6213516e+00
   3.6213516e+00
   3.6555118e+00
   2.6134614e+00
   2.6134614e+00
   2.6134614e+00
   2.6134614e+00
   2.6134614e+00
   2.4402084e+00
   2.4402084e+00
   2.4402084e+00
   2.4402084e+00
   2.4402084e+00
   1.8437876e+00
   1.8437876e+00
   1.8437876e+00
   1.8437876e+00
   1.8437876e+00
   1.8437876e+00
   1.7489081e+00
   1.7489081e+00
   1.7489081e+00
   1.7489081e+00
   1.7489081e+00
   1.7489081e+00
   1.7489081e+00
   1.7489081e+00
   1.7489081e+00
   1.7489081e+00
   1.7488316e+00
   1.7488316e+00
   1.7229008e+00
   1.7229008e+00
   1.7229008e+00
   1.7229008e+00
   1.7229008e+00
   1.3240533e+00
   1.1947102e+00
   1.1947102e+00
   1.1761682e+00
   1.1761682e+00
   1.1761682e+00
   1.1609639e+00
   1.1609639e+00
   1.1641502e+00
   1.1641502e+00
   1.1641502e+00
   1.1621865e+00
   1.1621865e+00
   1.1580563e+00
   1.1580563e+00
   1.1580563e+00
   1.1542190e+00
   1.1325295e+00
   1.1325295e+00
   1.1325295e+00
   1.1325295e+00
   1.1325295e+00
   1.1325295e+00
   1.1023093e+00
   1.0746688e+00
   1.0413704e+00
   1.0248943e+00
   1.0163394e+00
   9.9615214e-01
   9.9615214e-01
   9.9522773e-01
   9.9522773e-01
   9.9522773e-01
   9.9522773e-01
   1.0058873e+00
   1.0058873e+00
   1.0058873e+00
   1.0058873e+00
   1.0058873e+00
   1.0058873e+00
   1.0058873e+00
   8.5622371e-01
   8.3943312e-01
   8.3943312e-01
   7.9494782e-01
   8.2835859e-01
   8.2835859e-01
   8.2835859e-01
   8.2835859e-01
   8.2835859e-01
   8.2835859e-01
   8.2835859e-01
   8.2835859e-01
   8.2835859e-01
   8.2835859e-01
   8.2835859e-01
   8.2835859e-01
   8.2835859e-01
   8.2835859e-01
   6.2309919e-01
   6.2309919e-01
   6.2309919e-01
   6.2309919e-01
   6.2309919e-01
   6.2309919e-01
   6.2309919e-01
   6.2309919e-01
   6.2309919e-01
   6.2309919e-01
   6.2309919e-01
   6.2309919e-01
   6.1799952e-01
   5.9570869e-01
   5.9570869e-01
   5.9570869e-01
   5.2202957e-01
   5.2202957e-01
   5.2202957e-01
   5.2202957e-01
   5.2202957e-01
   5.2053498e-01
   5.2053498e-01
   5.2053498e-01
   5.2053498e-01
   5.2053498e-01
   5.2053498e-01
   5.2181766e-01
   5.1728623e-01
   5.1478355e-01
   5.1336103e-01
   5.1253625e-01
   5.1205178e-01
   5.1176485e-01
   5.1159405e-01
   3.8829530e-01
   3.8829530e-01
   3.8829530e-01
   3.3320924e-01
   3.3320924e-01
   3.3320924e-01
   3.3320924e-01
   3.3320924e-01
   3.3320924e-01
   3.3320924e-01
   3.3320924e-01
   3.3320924e-01
   3.0331591e-01
   3.0331591e-01
   3.0331591e-01
   3.0331591e-01
   3.0331591e-01
   3.0331591e-01
   3.0331591e-01
   3.0331591e-01
   3.0201272e-01
   3.0029531e-01
   3.0029531e-01
   3.0029531e-01
   2.9945188e-01
   2.9945188e-01
   2.9945188e-01
   2.9945188e-01
   2.9945188e-01
   2.9945188e-01
   2.9945188e-01
   2.9945188e-01
   2.9945188e-01
   2.9945188e-01
   2.9911807e-01
   2.9911807e-01
   2.9911807e-01
   2.9911807e-01
   2.8929512e-01
   2.8935164e-01
   2.8662840e-01
   2.7042037e-01
   2.7042037e-01
   2.7042037e-01
   2.7042037e-01
   2.7532406e-01
   2.7532406e-01
   2.7257464e-01
   2.7257464e-01
   2.7257464e-01
   2.6343075e-01
   2.5697305e-01
   2.5697305e-01
   2.5697305e-01
   2.5697305e-01
   2.5697305e-01
   2.5697305e-01
   2.5697305e-01
   2.5697305e-01
   2.5697305e-01
   2.5258344e-01
   2.5258344e-01
   2.5258344e-01
   2.5258344e-01
   2.5258344e-01
   2.5258344e-01
   2.5258344e-01
   2.5258344e-01
   2.5258344e-01
   2.5258344e-01
   2.5258344e-01
   2.3899728e-01
   2.4086000e-01
   2.4086000e-01
   2.3791163e-01
   2.3791163e-01
   2.3791163e-01
   2.3747740e-01
   2.4298261e-01
   2.4298261e-01
   2.4298261e-01
   2.4298261e-01
   2.4298261e-01
   2.4075442e-01
   2.4075442e-01
   2.4075442e-01
   2.3899474e-01
   2.3899474e-01
   2.3899474e-01
   2.3947829e-01
   2.3947829e-01
   2.3947829e-01
   2.3947829e-01
   2.3947829e-01
   2.3947829e-01
   2.3913208e-01
   2.3913208e-01
   2.3899940e-01
   2.3253627e-01
   2.2298796e-01
   2.2298796e-01
   2.2298796e-01
   2.2298796e-01
   2.2067961e-01
   2.1963993e-01
   2.1927298e-01
   2.1927298e-01
   2.1927298e-01
   2.1933513e-01
   2.1913069e-01
   2.1902913e-01
   2.1897581e-01
   2.1894656e-01
   2.1893000e-01
   2.1941723e-01
   2.1863610e-01
   2.1863610e-01
   2.1863610e-01
   2.1853750e-01
   2.1853750e-01
   2.1853750e-01
   2.1783751e-01
   2.1714766e-01
   2.1676643e-01
   2.1654954e-01
   2.1642367e-01
   2.1570963e-01
   2.1570963e-01
   2.1570963e-01
   2.1570963e-01
   2.1570963e-01
   2.1547250e-01
   2.1547250e-01
   2.1548344e-01
   2.1548344e-01
   2.1548344e-01
   2.1530331e-01
   2.1514087e-01
   2.1499081e-01
   2.1491148e-01
   2.1486775e-01
   2.1484290e-01
   2.1482849e-01
   2.1482003e-01
   2.1481501e-01
   2.1481203e-01
   2.1467329e-01
   2.1467329e-01
   2.1458190e-01
   2.1447481e-01
   2.1436554e-01
   2.1438622e-01
   2.1283851e-01
   2.1283851e-01
   2.1249808e-01
   2.1249808e-01
   2.1286838e-01
   2.1286838e-01
   1.3176632e-01
   1.3176632e-01
   1.3176632e-01
   1.3176632e-01
   1.3091707e-01
   1.3091707e-01
   1.3091707e-01
   1.3091707e-01
   1.3091707e-01
   1.3091707e-01
   1.3091707e-01
   1.3091707e-01
   1.3091707e-01
   1.3091707e-01
   1.3091707e-01
   1.3091707e-01
   1.3091707e-01
   1.3091707e-01
   1.3091707e-01
   1.3091707e-01
   1.3091707e-01
   1.3091707e-01
   1.3091707e-01
   1.3091707e-01
   1.2982554e-01
   1.2855072e-01
   1.2783132e-01
   1.2741636e-01
   1.2717346e-01
   1.2702992e-01
   1.2694459e-01
   1.2689368e-01
   1.2686324e-01
   1.2498858e-01
   1.2498858e-01
   1.2498858e-01
   1.2498858e-01
   1.2498858e-01
   1.2498858e-01
   1.2498858e-01
   1.2498858e-01
   1.2498858e-01
   1.2498858e-01
   1.2498858e-01
   1.2498858e-01
   1.2393895e-01
   1.1994455e-01
   1.2022338e-01
   1.2022338e-01
   1.2022338e-01
   1.2101271e-01
   1.2101271e-01
   1.2101271e-01
   1.2101271e-01
   1.2101271e-01
   1.2101271e-01
   1.2101271e-01
   1.2085185e-01
   1.2072553e-01
   1.2072553e-01
   1.2071521e-01
   1.2071521e-01
   1.2071521e-01
   1.2071521e-01
   1.2068586e-01
   1.1244575e-01
   1.1244575e-01
   1.1244575e-01
   1.1244575e-01
   1.1244575e-01
   1.1244575e-01
   1.1244575e-01
   1.1244575e-01
   1.1074104e-01
   1.0360731e-01
   1.0360731e-01
   1.0360731e-01
   1.0360731e-01
   1.0360731e-01
   9.9678580e-02
   9.9678580e-02
   9.9678580e-02
   9.9678580e-02
   9.9678580e-02
   9.9678580e-02
   9.9678580e-02
   9.9678580e-02
   9.9678580e-02
   9.9678580e-02
   9.9678580e-02
   9.9678580e-02
   9.9678580e-02
   9.9678580e-02
   1.0098380e-01
   1.0098380e-01
   5.8773085e-02
   5.8773085e-02
   4.2862573e-02
   4.2862573e-02
   4.1750391e-02
   4.1996649e-02
   4.2693749e-02
   4.2693749e-02
   4.2693749e-02
   4.2693749e-02
   4.2693749e-02
   4.2693749e-02
   3.5229564e-02
   3.5229564e-02
   3.5229564e-02
   3.2209114e-02
   3.2209114e-02
   3.2209114e-02
   3.2209114e-02
   3.2209114e-02
   3.2209114e-02
   3.2209114e-02
   3.2209114e-02
   3.2209114e-02
   3.2209114e-02
   3.0771032e-02
   3.0771032e-02
   3.0771032e-02
   3.1373031e-02
   3.1373031e-02
   3.1373031e-02
   3.1373031e-02
   3.0013400e-02
   3.0013400e-02
   3.0013400e-02
   2.9764410e-02
   2.9764410e-02
   2.9461274e-02
   2.9229557e-02
   2.9054243e-02
   2.8911921e-02
   2.8772526e-02
   2.8728371e-02
   2.8716176e-02
   2.8665181e-02
   2.8665181e-02
   2.8657657e-02
   2.8657657e-02
   2.8631562e-02
   2.8631562e-02
   2.8547653e-02
   2.8547653e-02
   2.8547653e-02
   2.8525375e-02
   2.8497459e-02
   2.8497459e-02
   2.8497459e-02
   2.8497459e-02
   2.8497459e-02
   2.8497131e-02
   2.8495570e-02
   2.8495570e-02
   2.8495570e-02
   2.8495570e-02
   2.8486865e-02
   2.8486865e-02
   2.8487086e-02
   2.8445179e-02
   2.7920883e-02
   2.7826839e-02
   2.7826839e-02
   2.7809760e-02
   2.7809760e-02
   2.7688490e-02
   2.7503464e-02
   2.7503464e-02
   2.7139973e-02
   2.6907982e-02
   2.6596602e-02
   2.6436811e-02
   2.6350870e-02
   2.6350870e-02
   2.6386312e-02
   2.6386312e-02
   2.6366342e-02
   2.5721652e-02
   2.5475463e-02
   2.5475463e-02
   2.5462427e-02
   2.5550889e-02
   2.5624543e-02
   2.5676077e-02
   2.5709624e-02
   2.5384480e-02
   2.4981113e-02
   2.4981113e-02
   2.5079140e-02
   2.5079140e-02
   2.5079140e-02
   2.5079140e-02
   2.5079140e-02
   2.5079140e-02
   2.4675755e-02
   2.4675755e-02
   2.4675755e-02
   2.4675755e-02
   2.4675755e-02
   2.4675755e-02
   2.4675755e-02
   2.4675755e-02
   2.4561121e-02
   2.4561121e-02
   2.4561121e-02
   2.4561121e-02
   2.4561121e-02
   2.4561121e-02
   2.4561121e-02
   2.4588194e-02
   2.4550266e-02
   2.3919955e-02
   2.3519091e-02
   2.3109293e-02
   2.2751892e-02
   2.2485853e-02
   2.2387565e-02
   2.2387565e-02
   2.2222058e-02
   2.2222058e-02
   2.2222058e-02
   2.2222058e-02
   2.1973163e-02
   2.1057381e-02
   2.0760803e-02
   2.0760803e-02
   2.0760803e-02
   2.0530936e-02
   2.0321235e-02
   2.0321235e-02
   1.9820138e-02
   1.9820138e-02
   1.9669055e-02
   1.9573610e-02
   1.9477659e-02
   1.9395028e-02
   1.9340536e-02
   1.9311922e-02
   1.9268499e-02
   1.9268499e-02
   1.9058599e-02
   1.9058599e-02
   1.9016522e-02
   1.9016522e-02
   1.9016522e-02
   1.9016522e-02
   1.9016522e-02
   1.8993052e-02
   1.8993052e-02
   1.8900071e-02
   1.8900071e-02
   1.8847623e-02
   1.8847623e-02
   1.8847623e-02
   1.8731555e-02
   1.8731555e-02
   1.8731555e-02
   1.8731555e-02
   1.8731555e-02
   1.8731555e-02
   1.8731555e-02
   1.8731555e-02
   1.8731555e-02
   1.8596971e-02
   1.8521287e-02
   1.8521287e-02
   1.8521287e-02
   1.8521287e-02
   1.8815290e-02
   1.8815290e-02
   1.8815290e-02
   1.8815290e-02
   1.8815290e-02
   1.8565099e-02
   1.8565099e-02
   1.8565099e-02
   1.8565099e-02
   1.8560564e-02
   1.8542687e-02
   1.8542687e-02
   1.8552725e-02
   1.8552725e-02
   1.8552725e-02
   1.8552725e-02
   1.8303701e-02
   1.8303701e-02
   1.8266427e-02
   1.8266427e-02
   1.8266427e-02
   1.8266427e-02
   1.8266427e-02
   1.8266427e-02
   1.8266427e-02
   1.8266427e-02
   1.8237624e-02
   1.8235701e-02
   1.8235701e-02
   1.8234474e-02
   1.8234474e-02
   1.8234474e-02
   1.8234474e-02
   1.8234474e-02
   1.8234474e-02
   1.8236463e-02
   1.6901474e-02
   1.6901474e-02
   1.6901474e-02
   1.6901474e-02
   1.6901474e-02
   1.6901474e-02
   1.6901474e-02
   1.7562041e-02
   1.7190618e-02
   1.7190618e-02
   1.7190618e-02
   1.7190618e-02
   1.7190618e-02
   1.7190618e-02
   1.7190618e-02
   1.7190618e-02
   1.7172253e-02
   1.7172253e-02
   1.7172253e-02
   1.7199052e-02
   1.7199052e-02
   1.7199052e-02
   1.7199052e-02
   1.7199052e-02
   1.7199052e-02
   1.7199052e-02
   1.7199052e-02
   1.7199052e-02
   1.7199052e-02
   1.7199052e-02
   1.7199052e-02
   1.7193899e-02
   1.7193899e-02
   1.7193899e-02
   1.7193899e-02
   1.7193899e-02
   1.7196558e-02
   1.7196558e-02
   1.7196558e-02
   1.7202566e-02
   1.7202566e-02
   1.7201814e-02
   1.7198176e-02
   1.7196638e-02
   1.7205724e-02
   1.7214458e-02
   1.7262546e-02
   1.7262546e-02
   1.7209331e-02
   1.7241952e-02
   1.7241952e-02
   1.7398936e-02
   1.7527650e-02
   1.7527650e-02
   1.7527650e-02
   1.6905070e-02
   1.6881920e-02
   1.6881920e-02
   1.6941694e-02
   1.6894744e-02
   1.6894744e-02
   1.6858394e-02
   1.6805290e-02
   1.6805290e-02
   1.4672174e-02
   1.4074734e-02
   1.2720184e-02
   1.2720184e-02
   1.2690763e-02
   1.2176221e-02
   9.7106228e-03
   7.3074896e-03
   7.3074896e-03
   7.3074896e-03
   6.9666155e-03
   2.3921205e-03
   1.1351992e-03
   1.1351992e-03
   1.1351992e-03
   1.1351992e-03
   1.1351992e-03
   1.1351992e-03
   1.1351992e-03
   1.1351992e-03
   9.1486430e-04
   9.1486430e-04
   9.1486430e-04
   9.1486430e-04
   9.1486430e-04
   9.1486430e-04
   9.1486430e-04
   9.1486430e-04
   9.1486430e-04
   9.1486430e-04
   9.1486430e-04
   9.1486430e-04
   9.1486430e-04
   9.1486430e-04
   9.1486430e-04
   9.1486430e-04
   9.1486430e-04
   9.1486430e-04
   9.3426510e-04
   9.3426510e-04
   9.2953760e-04
   9.2953760e-04
   9.3070683e-04
   9.3070683e-04
   9.3070683e-04
   9.3070683e-04
   9.2813801e-04
   9.2386277e-04
   9.2386277e-04
   9.2386277e-04
   9.2386277e-04
   9.2386277e-04
   9.2386277e-04
   9.2491213e-04
   9.2491213e-04
   9.2491213e-04
   9.1097534e-04
   9.1097534e-04
   9.1097534e-04
   9.1097534e-04
   9.1097534e-04
   9.1097534e-04
   9.1097534e-04
   9.1097534e-04
   9.1097534e-04
   9.1097534e-04
   9.1097534e-04
   9.1097534e-04
   9.1097534e-04
   9.1097534e-04
   9.1097534e-04
   9.1097534e-04
   9.1097534e-04
   9.0776168e-04
   9.0776168e-04
   9.0776168e-04
   7.9920878e-04
   7.1932513e-04
   7.1932513e-04
   6.8086157e-04
   6.8086157e-04
   6.4944384e-04
   6.4657377e-04
   6.5146968e-04
   6.5146968e-04
   6.5178030e-04
   6.5178030e-04
   6.5178030e-04
   6.5178030e-04
   6.5044442e-04
   6.5044442e-04
   6.5044442e-04
   6.5069337e-04
   5.9596785e-04
   5.6517386e-04
   5.4753962e-04
   5.3427100e-04
   5.3267726e-04
   5.3267726e-04
   5.3267726e-04
   5.3267726e-04
   5.3101190e-04
   5.2957167e-04
   5.2903616e-04
   5.2898541e-04
   5.2898541e-04
   5.2898541e-04
   5.2797052e-04
   5.2626081e-04
   5.2530031e-04
   5.2530031e-04
   5.2530031e-04
   5.2530031e-04
   5.2530031e-04
   5.2530031e-04
   5.2530031e-04
   5.2530031e-04
   5.2530031e-04
   5.2530031e-04
   5.2530031e-04
   5.2522525e-04
   5.2512515e-04
   5.2506629e-04
   5.2503141e-04
   5.2501064e-04
   5.2499824e-04
   5.2499081e-04
   5.2436174e-04
   5.2436174e-04
   5.2765397e-04
   5.2765397e-04
   5.2765397e-04
   5.1586828e-04
   5.1234866e-04
   5.1234866e-04
   5.0455215e-04
   4.9977820e-04
   4.9274135e-04
   4.9213761e-04
   4.8931982e-04
   4.8219946e-04
   4.8219946e-04
   4.8219946e-04
   4.8156130e-04
   4.7766158e-04
   4.7333220e-04
   4.7333220e-04
   4.7179854e-04
   4.7079835e-04
   4.7079835e-04
   4.7079835e-04
   4.7079835e-04
   4.6994244e-04
   4.6994244e-04
   4.6958253e-04
   4.6958253e-04
   4.6950374e-04
   4.6933989e-04
   4.6933989e-04
   4.6854043e-04
   4.6854043e-04
   4.6854043e-04
   4.6854043e-04
   4.6854043e-04
   4.6807133e-04
   4.6807133e-04
   4.6786535e-04
   4.6786535e-04
   4.6786535e-04
   4.6786535e-04
   4.6786535e-04
   4.6786535e-04
   4.6786535e-04
   4.6782795e-04
   4.6782795e-04
   4.6782795e-04
   4.6782795e-04
   4.6782795e-04
   4.6777333e-04
   4.6777333e-04
   4.6774189e-04
   4.6774189e-04
   4.6716259e-04
   4.6709761e-04
   4.6672197e-04
   4.6625736e-04
   4.6519757e-04
   4.6476762e-04
   4.6403754e-04
   4.6371872e-04
   4.6371872e-04
   4.6371872e-04
   4.6371872e-04
   4.6371872e-04
   4.6341215e-04
   4.6341215e-04
   4.6341215e-04
   4.6341215e-04
   4.6341215e-04
   4.6341215e-04
   4.6341215e-04
   4.6341215e-04
   4.6341215e-04
   4.6341215e-04
   4.6310036e-04
   4.6316258e-04
   4.6316258e-04
   4.6316258e-04
   4.6316258e-04
   4.6316258e-04
   4.6316258e-04
   4.6316258e-04
   4.6316258e-04
   4.6316258e-04
   4.6316258e-04
   4.6316258e-04
   4.6316258e-04
   4.6316258e-04
   4.6316258e-04
   4.6316258e-04
   4.6316258e-04
   4.6317353e-04
   4.6318387e-04
   4.6319174e-04
   4.6307761e-04
   4.6307761e-04
   4.6307761e-04
   4.6307761e-04
   4.6309123e-04
   4.6309123e-04
   4.6309123e-04
   4.6296831e-04
   4.6280671e-04
   4.6284949e-04
   4.6284949e-04
   4.6284949e-04
   4.6284949e-04
   4.6096485e-04
   4.5963725e-04
   4.5489173e-04
   4.5099310e-04
   4.4716092e-04
   4.4253943e-04
   4.3902946e-04
   4.3874143e-04
   4.3874143e-04
   4.3874143e-04
   4.3442690e-04
   4.2982442e-04
   4.2982442e-04
   4.2786456e-04
   4.2786456e-04
   4.2783330e-04
   4.2783330e-04
   4.2783330e-04
   4.2783330e-04
   4.2644233e-04
   4.2644233e-04
   4.2644233e-04
   4.2644233e-04
   4.2644233e-04
   4.2644233e-04
   4.2644233e-04
   4.2644233e-04
   4.2623597e-04
   4.2615674e-04
   4.2611715e-04
   4.2611715e-04
   4.2611715e-04
   4.2614996e-04
   4.2618430e-04
   4.2620516e-04
   4.2621776e-04
   4.2622535e-04
   4.2622992e-04
   4.1870457e-04
   4.1794557e-04
   4.1794557e-04
   4.1694823e-04
   4.1502185e-04
   4.0800317e-04
   4.0800317e-04
   4.0439722e-04
   4.0439722e-04
   4.0439722e-04
   4.0419001e-04
   4.0419001e-04
   4.0402009e-04
   4.0402009e-04
   4.0249188e-04
   4.0151282e-04
   4.0151282e-04
   4.0084149e-04
   4.0084149e-04
   4.0116502e-04
   3.9747226e-04
   3.9747226e-04
   3.9712872e-04
   3.9712872e-04
   3.9712872e-04
   3.9712872e-04
   3.9674265e-04
   3.9674265e-04
   3.9674265e-04
   3.9674265e-04
   3.9674265e-04
   3.9611098e-04
   3.9611098e-04
   3.9611098e-04
   3.9611098e-04
   3.9611098e-04
   3.9666630e-04
   3.9666630e-04
   3.9666630e-04
   3.9666630e-04
   3.9666630e-04
   3.9666630e-04
   3.9654421e-04
   3.9654421e-04
   3.9654421e-04
   3.9654421e-04
   3.9654421e-04
   3.9654421e-04
   3.9654421e-04
   3.9654421e-04
   3.9654421e-04
   3.9654421e-04
   3.9654421e-04
   3.9654421e-04
   3.9557188e-04
   3.9524581e-04
   3.9524581e-04
   3.9524581e-04
   3.9524581e-04
   3.9524581e-04
   3.9524581e-04
   3.9524581e-04
   3.9524581e-04
   3.9524581e-04
   3.9524581e-04
   3.9525735e-04
   3.9525735e-04
   3.9525735e-04
   3.9524790e-04
   3.9469841e-04
   3.9469841e-04
   3.9469841e-04
   3.9469841e-04
   3.9469841e-04
   3.9427240e-04
   3.9427240e-04
   3.9450697e-04
   3.9450697e-04
   3.9378032e-04
   3.9378032e-04
   3.9378032e-04
   3.9378032e-04
   3.9378032e-04
   3.9378032e-04
   3.9378032e-04
   3.9378032e-04
   3.9378032e-04
   3.9378032e-04
   3.9385538e-04
   3.9385538e-04
   3.9385538e-04
   3.9277584e-04
   3.9277584e-04
   3.9277584e-04
   3.9237025e-04
   3.9237025e-04
   3.9237025e-04
   3.9237025e-04
   3.9235847e-04
   3.9169482e-04
   3.9132878e-04
   3.9132878e-04
   3.9127813e-04
   3.9106728e-04
   3.9079394e-04
   3.9079394e-04
   3.9061115e-04
   3.9061115e-04
   3.9047022e-04
   3.9047022e-04
   3.9047022e-04
   3.9047022e-04
   3.9047022e-04
   3.9050522e-04
   3.9033748e-04
   3.9033748e-04
   3.9033748e-04
   3.9033748e-04
   3.9033748e-04
   3.9033748e-04
   3.9033748e-04
   3.9033748e-04
   3.9033748e-04
   3.9033988e-04
   3.9033988e-04
   3.9016305e-04
   3.9002609e-04
   3.8994543e-04
   3.8994543e-04
   3.8994543e-04
   3.8994543e-04
   3.8995951e-04
   3.8995951e-04
   3.8995951e-04
   3.8995951e-04
   3.8992292e-04
   3.8993343e-04
   3.8993343e-04
   3.8993343e-04
   3.8992824e-04
   3.8992387e-04
   3.8992126e-04
   3.8991969e-04
   3.8988189e-04
   3.8988189e-04
   3.8987080e-04
   3.8987080e-04
   3.8987080e-04
   3.8987080e-04
   3.8987080e-04
   3.8987080e-04
   3.8987080e-04
   3.8986334e-04
   3.8985354e-04
   3.8984767e-04
   3.8982599e-04
   3.8980892e-04
   3.8980131e-04
   3.8980131e-04
   3.8979742e-04
   3.8980242e-04
   3.7866211e-04
   3.7875837e-04
   3.7875837e-04
   3.7875837e-04
   3.7875837e-04
   3.7339820e-04
   3.7339820e-04
   3.6875751e-04
   3.6152116e-04
   3.5397738e-04
   3.5397738e-04
   3.5143786e-04
   3.5143786e-04
   3.5143786e-04
   3.5143786e-04
   3.4847506e-04
   3.4847506e-04
   3.4851577e-04
   3.4599251e-04
   3.4599251e-04
   3.4599251e-04
   3.4602511e-04
   3.4335410e-04
   3.4308966e-04
   3.4162967e-04
   3.4162967e-04
   3.4030457e-04
   3.4030457e-04
   3.4030457e-04
   3.4030457e-04
   3.4030457e-04
   3.3944323e-04
   3.3914825e-04
   3.3846866e-04
   3.3807007e-04
   3.3783423e-04
   3.3783423e-04
   3.3788688e-04
   3.3755030e-04
   3.3708602e-04
   3.3688654e-04
   3.3651967e-04
   3.3630419e-04
   3.3617658e-04
   3.2465637e-04
   3.1724025e-04
   3.1452332e-04
   3.1452332e-04
   3.1452332e-04
   3.1452332e-04
   3.1160975e-04
   3.0772128e-04
   3.0772128e-04
   3.0547187e-04
   3.0547187e-04
   3.0547187e-04
   3.0547187e-04
   3.0547187e-04
   3.0547187e-04
   3.0553650e-04
   2.9707151e-04
   2.8773765e-04
   2.8773765e-04
   2.8773765e-04
   2.8773765e-04
   2.8773765e-04
   2.5947413e-04
   2.5947413e-04
   2.2426705e-04
   2.2426705e-04
   2.1466029e-04
   2.1466029e-04
   1.7534441e-04
   1.2919668e-04
   7.0999499e-05
   7.0999499e-05
   6.2954245e-05
   4.5353387e-05
   4.5353387e-05
   4.5353387e-05
   4.5353387e-05
   4.5353387e-05
   4.5353387e-05
   4.5353387e-05
   4.5353387e-05
   4.5353387e-05
   4.5353387e-05
   4.5353387e-05
   4.5353387e-05
   4.4275703e-05
   4.4275703e-05
   4.4275703e-05
   4.4275703e-05
   4.4275703e-05
   4.4275703e-05
   4.4275703e-05
   4.4100900e-05
   4.4031507e-05
   4.3990823e-05
   4.3966756e-05
   4.3952440e-05
   4.3508244e-05
   4.3508244e-05
   4.3360393e-05
   4.3171100e-05
   4.3063527e-05
   3.3256414e-05
   3.3256414e-05
   2.3449080e-05
   2.3449080e-05
   2.3177176e-05
   2.3177176e-05
   2.3177176e-05
   2.3177176e-05
   2.3177176e-05
   2.2666526e-05
   2.2666526e-05
   2.2470538e-05
   2.2470538e-05
   2.2470538e-05
   2.2470538e-05
   2.2470538e-05
   2.2470538e-05
   2.2132347e-05
   2.2132347e-05
   2.1517466e-05
   2.0722160e-05
   2.0308843e-05
   1.9635072e-05
   1.9393988e-05
   1.9044133e-05
   1.8859097e-05
   1.8554126e-05
   1.8174431e-05
   1.7995047e-05
   1.7224008e-05
   1.7224008e-05
   1.7224008e-05
   1.7224008e-05
   1.7290619e-05
   1.7290619e-05
   1.7290619e-05
   1.6360928e-05
   1.6360928e-05
   1.6117415e-05
   1.6117415e-05
   1.6130175e-05
   1.5825779e-05
   1.4766890e-05
   1.3706945e-05
   1.3706945e-05
   1.3465822e-05
   1.3423397e-05
   1.3294920e-05
   1.2751924e-05
   1.2751924e-05
   1.2751924e-05
   1.2751924e-05
   1.2657100e-05
   1.2657100e-05
   1.2657100e-05
   1.2657100e-05
   1.2657100e-05
   1.2657100e-05
   1.2657100e-05
   1.2657100e-05
   1.2657100e-05
   1.2657100e-05
   1.2657100e-05
   1.2350159e-05
   1.2156368e-05
   1.2156368e-05
   1.2156368e-05
   1.2156368e-05
   1.1341151e-05
   1.1040619e-05
   1.1040619e-05
   1.0974744e-05
   1.0974744e-05
   1.0733240e-05
   1.0733240e-05
   1.0508218e-05
   1.0324160e-05
   1.0227510e-05
   9.8859235e-06
   1.0014440e-05
   1.0014440e-05
   1.0014440e-05
   1.0014440e-05
   9.6821416e-06
   9.6640074e-06
   9.6640074e-06
   9.5621378e-06
   9.5621378e-06
   9.5621378e-06
   9.5621378e-06
   9.5621378e-06
   9.5711024e-06
   9.5711024e-06
   9.5711024e-06
   9.5711024e-06
   9.5711024e-06
   9.5711024e-06
   9.5711024e-06
   9.5619725e-06
   9.5619725e-06
   9.5542712e-06
   9.5542712e-06
   9.5542712e-06
   9.5476631e-06
   9.5424292e-06
   9.4588737e-06
   9.4588737e-06
   9.4588737e-06
   9.4588737e-06
   9.4588737e-06
   9.4588737e-06
   9.4588737e-06
   9.4588737e-06
   9.3180659e-06
   9.3180659e-06
   9.2985391e-06
   9.2985391e-06
   9.1885562e-06
   9.1885562e-06
   9.1885562e-06
   9.1885562e-06
   9.1911660e-06
   9.1911660e-06
   9.1911660e-06
   9.1912383e-06
   9.1912383e-06
   9.1912383e-06
   9.1912383e-06
   9.2016353e-06
   9.2128683e-06
   9.2128683e-06
   9.2128683e-06
   9.2128683e-06
   9.2128683e-06
   9.1743118e-06
   9.1406321e-06
   9.1564557e-06
   9.1564557e-06
   9.1564557e-06
   9.1564557e-06
   9.1429969e-06
   9.1429969e-06
   9.0832816e-06
   9.0381500e-06
   9.0331673e-06
   9.0331673e-06
   9.0331673e-06
   9.0331673e-06
   9.0227192e-06
   9.0246565e-06
   9.0282033e-06
   9.0311890e-06
   9.0332887e-06
   9.0298174e-06
   9.0298174e-06
   9.0298174e-06
   9.0269334e-06
   9.0269334e-06
   9.0269334e-06
   9.0269334e-06
   9.0269334e-06
   9.0269334e-06
   9.0269334e-06
   9.0269334e-06
   9.0269334e-06
   9.0269334e-06
   9.0269334e-06
   9.0269334e-06
   9.0269334e-06
   9.0269334e-06
   9.0269334e-06
   9.0269334e-06
   8.9974559e-06
   8.9974559e-06
   8.9199750e-06
   8.9482100e-06
   8.9482100e-06
   8.9366840e-06
   8.9366840e-06
   8.8767311e-06
   8.8767311e-06
   8.8767311e-06
   8.8767311e-06
   8.8767311e-06
   8.8767311e-06
   8.8767311e-06
   8.8767311e-06
   8.8767311e-06
   8.8689922e-06
   8.8676707e-06
   8.8676707e-06
   8.8676707e-06
   8.8676707e-06
   8.8676707e-06
   8.8676707e-06
   8.8671170e-06
   8.8671170e-06
   8.8025970e-06
   8.7230402e-06
   8.6205154e-06
   8.6630042e-06
   8.6630042e-06
   8.6630042e-06
   8.5068901e-06
   8.8727519e-06
   8.8727519e-06
   8.8727519e-06
   8.8727519e-06
   8.8727519e-06
   8.8727519e-06
   8.4309806e-06
   8.4161004e-06
   7.8998203e-06
   7.8998203e-06
   7.7577325e-06
   7.7577325e-06
   7.7577325e-06
   7.7577325e-06
   7.7577325e-06
   7.7577325e-06
   7.7271023e-06
   7.7273174e-06
   7.7278523e-06
   7.7283193e-06
   7.7286521e-06
   7.7288707e-06
   7.7290087e-06
   7.7015389e-06
   7.5399465e-06
   7.4385716e-06
   7.3823079e-06
   7.3502334e-06
   7.3316036e-06
   7.2895779e-06
   7.2826890e-06
   7.2020192e-06
   7.2020192e-06
   7.2192955e-06
   7.2192955e-06
   7.0920404e-06
   6.7897429e-06
   6.7507026e-06
   6.7507026e-06
   6.6904596e-06
   6.6904596e-06
   6.6904596e-06
   6.5131699e-06
   6.5131699e-06
   6.2044576e-06
   6.0108844e-06
   6.0108844e-06
   6.0108844e-06
   5.9725263e-06
   5.9725263e-06
   5.9725263e-06
   5.9012724e-06
   5.9012724e-06
   5.9012724e-06
   5.9012724e-06
   5.9012724e-06
   5.9012724e-06
   5.9012724e-06
   5.7474456e-06
   5.6392573e-06
   5.6392573e-06
   5.5179490e-06
   5.5179490e-06
   5.5179490e-06
   5.5179490e-06
   5.5179490e-06
   5.5179490e-06
   5.4534599e-06
   5.3358112e-06
   5.3358112e-06
   5.2201281e-06
   5.1914103e-06
   5.1753835e-06
   5.1662053e-06
   5.1608570e-06
   5.1577053e-06
   4.9408280e-06
