   6.7921876e-02
   6.7921876e-02
   6.5329625e-02
   5.9210795e-02
   5.4377211e-02
   4.9741955e-02
   4.9055780e-02
   4.7411751e-02
   4.7411751e-02
   4.6058150e-02
   4.2877948e-02
   3.8587765e-02
   3.8188589e-02
   3.4837150e-02
   3.1746342e-02
   3.1746342e-02
   3.0360612e-02
   2.8031882e-02
   2.6232742e-02
   2.3187948e-02
   2.3187948e-02
   2.3187948e-02
   2.2392368e-02
   2.1462888e-02
   2.0905199e-02
   1.9321717e-02
   1.8349002e-02
   1.7571258e-02
   1.6496512e-02
   1.5074762e-02
   1.5074762e-02
   1.4105150e-02
   1.3595379e-02
   1.3595379e-02
   1.2319350e-02
   1.2319350e-02
   1.2319350e-02
   1.2319350e-02
   1.2099024e-02
   1.1855533e-02
   1.1486953e-02
   1.1343982e-02
   1.0091884e-02
   1.0091884e-02
   1.0091884e-02
   9.4057813e-03
   9.4057813e-03
   9.4057813e-03
   8.2653411e-03
   8.2653411e-03
   8.2653411e-03
   8.2653411e-03
   8.2653411e-03
   8.1492702e-03
   8.1492702e-03
   8.1492702e-03
   8.1492702e-03
   7.8224260e-03
   7.8224260e-03
   7.6178302e-03
   7.6178302e-03
   7.6178302e-03
   7.6178302e-03
   6.8814714e-03
   6.4968408e-03
   6.4432714e-03
   6.4432714e-03
   6.4432714e-03
   5.6594265e-03
   4.4633082e-03
   4.4633082e-03
   4.4633082e-03
   4.4633082e-03
   4.3392395e-03
   3.9950888e-03
   3.9950888e-03
   3.9950888e-03
   3.9950888e-03
   3.9950888e-03
   3.9084739e-03
   3.9084739e-03
   3.9084739e-03
   3.6367910e-03
   3.5046024e-03
   3.5046024e-03
   3.5046024e-03
   3.5046024e-03
   3.0995029e-03
   3.0995029e-03
   3.0995029e-03
   3.0995029e-03
   3.0995029e-03
   2.9607358e-03
   2.5181159e-03
   2.5181159e-03
   2.5181159e-03
   2.3755805e-03
   2.3755805e-03
   2.3755805e-03
   2.3324959e-03
   2.3324959e-03
   2.3324959e-03
   2.3324959e-03
   2.0506186e-03
   2.0506186e-03
   1.9190277e-03
   1.9190277e-03
   1.9190277e-03
   1.9190277e-03
   1.9190277e-03
   1.9190277e-03
   1.9190277e-03
   1.9190277e-03
   1.9190277e-03
   1.7850421e-03
   1.7240991e-03
   1.7240991e-03
   1.7240991e-03
   1.7240991e-03
   1.5231965e-03
   1.3202522e-03
   1.3202522e-03
   1.3202522e-03
   1.3202522e-03
   1.2196092e-03
   1.2196092e-03
   1.2196092e-03
   1.1985867e-03
   1.1777323e-03
   1.1777323e-03
   1.1777323e-03
   1.1681276e-03
   1.1681276e-03
   9.6127837e-04
   9.6127837e-04
   9.6127837e-04
   9.6127837e-04
   9.6127837e-04
   9.0542745e-04
   9.0542745e-04
   9.0542745e-04
   9.0542745e-04
   8.5212759e-04
   8.5212759e-04
   8.5212759e-04
   8.5212759e-04
   8.5212759e-04
   6.6305899e-04
   6.6305899e-04
   6.1396610e-04
   6.1396610e-04
   6.1396610e-04
   6.1396610e-04
   5.4220971e-04
   5.4220971e-04
   5.4220971e-04
   5.4220971e-04
   5.1731724e-04
   5.1731724e-04
   5.1731724e-04
   5.0091830e-04
   4.8127874e-04
   4.8127874e-04
   4.7876282e-04
   4.7876282e-04
   4.7876282e-04
   4.6533241e-04
   4.6533241e-04
   4.4917676e-04
   4.4917676e-04
   4.4917676e-04
   4.1912813e-04
   4.1430292e-04
   4.1430292e-04
   4.1430292e-04
   3.9967447e-04
   3.9967447e-04
   3.9967447e-04
   3.9967447e-04
   3.9967447e-04
   3.9967447e-04
   3.9441721e-04
   3.9441721e-04
   3.8836091e-04
   3.7500362e-04
   3.4959614e-04
   3.4959614e-04
   3.4959614e-04
   3.4959614e-04
   3.4959614e-04
   3.4810391e-04
   2.5536418e-04
   2.5536418e-04
   2.5152659e-04
   2.5152659e-04
   2.5152659e-04
   2.4427036e-04
   2.4427036e-04
   2.4427036e-04
   2.2741421e-04
   2.2088552e-04
   1.7062239e-04
   1.7062239e-04
   1.7062239e-04
   1.7062239e-04
   1.7062239e-04
   1.6196309e-04
   1.6196309e-04
   1.6196309e-04
   1.5858204e-04
   1.5858204e-04
   1.5858204e-04
   1.5858204e-04
   1.5858204e-04
   1.5851814e-04
   1.4851992e-04
   1.3767380e-04
   1.3660628e-04
   1.3660628e-04
   1.3357998e-04
   1.2005523e-04
   1.2005523e-04
   1.1544223e-04
   1.1544223e-04
   1.0682785e-04
   1.0108961e-04
   1.0108961e-04
   1.0108961e-04
   1.0108961e-04
   9.9687319e-05
   9.9687319e-05
   9.8060148e-05
   9.8060148e-05
   9.4183667e-05
   9.2931076e-05
   8.9984055e-05
   8.9730662e-05
   8.3806500e-05
   7.8750094e-05
   7.8750094e-05
   7.5052657e-05
   7.0828546e-05
   7.0828546e-05
   7.0828546e-05
   7.0828546e-05
   6.8377701e-05
   6.8377701e-05
   6.8377701e-05
   6.5646303e-05
   6.3846000e-05
   6.3846000e-05
   6.2605769e-05
   6.2605769e-05
   6.2605769e-05
   6.2605769e-05
   6.2605769e-05
   6.1738541e-05
   6.1738541e-05
   5.6611984e-05
   5.6611984e-05
   5.6611984e-05
   5.6611984e-05
   5.6611984e-05
   5.6611984e-05
   5.6611984e-05
   5.3495455e-05
   5.3495455e-05
   5.3040802e-05
   5.3040802e-05
   5.3040802e-05
   5.2234975e-05
   5.1009445e-05
   5.1009445e-05
   5.1009445e-05
   5.0078915e-05
   4.6028757e-05
   4.3521013e-05
   4.3521013e-05
   4.3521013e-05
   4.3521013e-05
   4.3521013e-05
   4.3484242e-05
   4.3234616e-05
   4.2403816e-05
   4.2403816e-05
   4.2403816e-05
   4.2403816e-05
   4.2403816e-05
   4.2403816e-05
   4.2403816e-05
   4.2403816e-05
   4.2403816e-05
   4.2403816e-05
   4.1774107e-05
   4.1337313e-05
   3.9928310e-05
   3.9766355e-05
   3.7686476e-05
   3.7403400e-05
   3.7403400e-05
   3.4881741e-05
   3.4881741e-05
   3.4881741e-05
   3.4881741e-05
   3.3982745e-05
   3.2894722e-05
   3.2894722e-05
   3.2894722e-05
   3.2894722e-05
   3.2778145e-05
   3.2778145e-05
   3.0597855e-05
   2.9345098e-05
   2.7859210e-05
   2.7859210e-05
   2.7859210e-05
   2.7859210e-05
   2.6270223e-05
   2.6270223e-05
   2.6270223e-05
   2.6125324e-05
   2.3626444e-05
   2.3626444e-05
   2.3626444e-05
   2.3626444e-05
   2.3626444e-05
   2.2680453e-05
   2.2680453e-05
   2.2680453e-05
   2.2680453e-05
   2.2680453e-05
   1.9469216e-05
   1.9469216e-05
   1.9469216e-05
   1.9469216e-05
   1.9469216e-05
   1.9469216e-05
   1.8906833e-05
   1.8906833e-05
   1.8906833e-05
   1.8906833e-05
   1.8906833e-05
   1.8906833e-05
   1.8906833e-05
   1.8906833e-05
   1.8906833e-05
   1.8906833e-05
   1.8723337e-05
   1.8723337e-05
   1.8067954e-05
   1.8067954e-05
   1.8067954e-05
   1.8067954e-05
   1.8067954e-05
   1.7137989e-05
   1.5844830e-05
   1.5844830e-05
   1.5488753e-05
   1.5488753e-05
   1.5488753e-05
   1.5223947e-05
   1.5223947e-05
   1.5207539e-05
   1.5207539e-05
   1.5207539e-05
   1.5135211e-05
   1.5135211e-05
   1.5099595e-05
   1.5099595e-05
   1.5099595e-05
   1.5047148e-05
   1.4914216e-05
   1.4914216e-05
   1.4914216e-05
   1.4914216e-05
   1.4914216e-05
   1.4914216e-05
   1.4805164e-05
   1.4620473e-05
   1.4368583e-05
   1.4217449e-05
   1.4126769e-05
   1.3777609e-05
   1.3777609e-05
   1.3729552e-05
   1.3729552e-05
   1.3729552e-05
   1.3729552e-05
   1.3599154e-05
   1.3599154e-05
   1.3599154e-05
   1.3599154e-05
   1.3599154e-05
   1.3599154e-05
   1.3599154e-05
   1.3289726e-05
   1.3101492e-05
   1.3101492e-05
   1.2819998e-05
   1.2646482e-05
   1.2646482e-05
   1.2646482e-05
   1.2646482e-05
   1.2646482e-05
   1.2646482e-05
   1.2646482e-05
   1.2646482e-05
   1.2646482e-05
   1.2646482e-05
   1.2646482e-05
   1.2646482e-05
   1.2646482e-05
   1.2646482e-05
   1.1186103e-05
   1.1186103e-05
   1.1186103e-05
   1.1186103e-05
   1.1186103e-05
   1.1186103e-05
   1.1186103e-05
   1.1186103e-05
   1.1186103e-05
   1.1186103e-05
   1.1186103e-05
   1.1186103e-05
   1.1074220e-05
   1.0892588e-05
   1.0892588e-05
   1.0892588e-05
   1.0790002e-05
   1.0790002e-05
   1.0790002e-05
   1.0790002e-05
   1.0790002e-05
   1.0710078e-05
   1.0710078e-05
   1.0710078e-05
   1.0710078e-05
   1.0710078e-05
   1.0710078e-05
   1.0709207e-05
   1.0708958e-05
   1.0708809e-05
   1.0708720e-05
   1.0708666e-05
   1.0708633e-05
   1.0708614e-05
   1.0708603e-05
   1.0543906e-05
   1.0543906e-05
   1.0543906e-05
   1.0205875e-05
   1.0205875e-05
   1.0205875e-05
   1.0205875e-05
   1.0205875e-05
   1.0205875e-05
   1.0205875e-05
   1.0205875e-05
   1.0205875e-05
   9.9153478e-06
   9.9153478e-06
   9.9153478e-06
   9.9153478e-06
   9.9153478e-06
   9.9153478e-06
   9.9153478e-06
   9.9153478e-06
   9.8487812e-06
   9.7915487e-06
   9.7915487e-06
   9.7915487e-06
   9.7744561e-06
   9.7744561e-06
   9.7744561e-06
   9.7744561e-06
   9.7744561e-06
   9.7744561e-06
   9.7744561e-06
   9.7744561e-06
   9.7744561e-06
   9.7744561e-06
   9.7695418e-06
   9.7695418e-06
   9.7695418e-06
   9.7695418e-06
   9.7099968e-06
   9.6639830e-06
   9.6027554e-06
   9.5336874e-06
   9.5336874e-06
   9.5336874e-06
   9.5336874e-06
   9.5124189e-06
   9.5124189e-06
   9.4443145e-06
   9.4443145e-06
   9.4443145e-06
   9.4204006e-06
   9.2732999e-06
   9.2732999e-06
   9.2732999e-06
   9.2732999e-06
   9.2732999e-06
   9.2732999e-06
   9.2732999e-06
   9.2732999e-06
   9.2732999e-06
   9.1609015e-06
   9.1609015e-06
   9.1609015e-06
   9.1609015e-06
   9.1609015e-06
   9.1609015e-06
   9.1609015e-06
   9.1609015e-06
   9.1609015e-06
   9.1609015e-06
   9.1609015e-06
   9.0773808e-06
   9.0670365e-06
   9.0670365e-06
   9.0661976e-06
   9.0661976e-06
   9.0661976e-06
   9.0651935e-06
   9.0364518e-06
   9.0364518e-06
   9.0364518e-06
   9.0364518e-06
   9.0364518e-06
   9.0318136e-06
   9.0318136e-06
   9.0318136e-06
   9.0156927e-06
   9.0156927e-06
   9.0156927e-06
   9.0061820e-06
   9.0061820e-06
   9.0061820e-06
   9.0061820e-06
   9.0061820e-06
   9.0061820e-06
   9.0061314e-06
   9.0061314e-06
   9.0048294e-06
   8.9974719e-06
   8.9139099e-06
   8.9139099e-06
   8.9139099e-06
   8.9139099e-06
   8.8750116e-06
   8.8508269e-06
   8.8363161e-06
   8.8363161e-06
   8.8363161e-06
   8.8363109e-06
   8.8288546e-06
   8.8243807e-06
   8.8216964e-06
   8.8200858e-06
   8.8191195e-06
   8.8160117e-06
   8.7963763e-06
   8.7963763e-06
   8.7963763e-06
   8.7918902e-06
   8.7918902e-06
   8.7918902e-06
   8.7818169e-06
   8.7731755e-06
   8.7679907e-06
   8.7648798e-06
   8.7630132e-06
   8.7353144e-06
   8.7353144e-06
   8.7353144e-06
   8.7353144e-06
   8.7353144e-06
   8.7317824e-06
   8.7317824e-06
   8.7287120e-06
   8.7287120e-06
   8.7287120e-06
   8.7233815e-06
   8.7214677e-06
   8.7172154e-06
   8.7146641e-06
   8.7131333e-06
   8.7122148e-06
   8.7116637e-06
   8.7113330e-06
   8.7111346e-06
   8.7110156e-06
   8.7045291e-06
   8.7045291e-06
   8.7029481e-06
   8.6975238e-06
   8.6936419e-06
   8.6906641e-06
   8.6854998e-06
   8.6854998e-06
   8.6546984e-06
   8.6546984e-06
   8.6446037e-06
   8.6446037e-06
   8.4991231e-06
   8.4991231e-06
   8.4991231e-06
   8.4991231e-06
   8.4047013e-06
   8.4047013e-06
   8.4047013e-06
   8.4047013e-06
   8.4047013e-06
   8.4047013e-06
   8.4047013e-06
   8.4047013e-06
   8.4047013e-06
   8.4047013e-06
   8.4047013e-06
   8.4047013e-06
   8.4047013e-06
   8.4047013e-06
   8.4047013e-06
   8.4047013e-06
   8.4047013e-06
   8.4047013e-06
   8.4047013e-06
   8.4047013e-06
   8.3908605e-06
   8.3771086e-06
   8.3688574e-06
   8.3639067e-06
   8.3609363e-06
   8.3591541e-06
   8.3580847e-06
   8.3574431e-06
   8.3570581e-06
   8.3149361e-06
   8.3149361e-06
   8.3149361e-06
   8.3149361e-06
   8.3149361e-06
   8.3149361e-06
   8.3149361e-06
   8.3149361e-06
   8.3149361e-06
   8.3149361e-06
   8.3149361e-06
   8.3149361e-06
   8.3047280e-06
   8.2841195e-06
   8.2644115e-06
   8.2644115e-06
   8.2644115e-06
   8.2421134e-06
   8.2421134e-06
   8.2421134e-06
   8.2421134e-06
   8.2421134e-06
   8.2421134e-06
   8.2421134e-06
   8.2378863e-06
   8.2326178e-06
   8.2326178e-06
   8.2296748e-06
   8.2296748e-06
   8.2296748e-06
   8.2296748e-06
   8.2253283e-06
   8.2107029e-06
   8.2107029e-06
   8.2107029e-06
   8.2107029e-06
   8.2107029e-06
   8.2107029e-06
   8.2107029e-06
   8.2107029e-06
   8.1959037e-06
   8.1648113e-06
   8.1648113e-06
   8.1648113e-06
   8.1648113e-06
   8.1648113e-06
   8.1480747e-06
   8.1480747e-06
   8.1480747e-06
   8.1480747e-06
   8.1480747e-06
   8.1480747e-06
   8.1480747e-06
   8.1480747e-06
   8.1480747e-06
   8.1480747e-06
   8.1480747e-06
   8.1480747e-06
   8.1480747e-06
   8.1480747e-06
   8.1473123e-06
   8.1473123e-06
   8.0657095e-06
   8.0657095e-06
   8.0594974e-06
   8.0594974e-06
   8.0428352e-06
   8.0257537e-06
   8.0155048e-06
   8.0155048e-06
   8.0155048e-06
   8.0155048e-06
   8.0155048e-06
   8.0155048e-06
   7.9985134e-06
   7.9985134e-06
   7.9985134e-06
   7.9679848e-06
   7.9679848e-06
   7.9679848e-06
   7.9679848e-06
   7.9679848e-06
   7.9679848e-06
   7.9679848e-06
   7.9679848e-06
   7.9679848e-06
   7.9679848e-06
   7.9576015e-06
   7.9576015e-06
   7.9576015e-06
   7.9569874e-06
   7.9569874e-06
   7.9569874e-06
   7.9569874e-06
   7.9469635e-06
   7.9469635e-06
   7.9469635e-06
   7.9416842e-06
   7.9416842e-06
   7.9368165e-06
   7.9305850e-06
   7.9274539e-06
   7.9242490e-06
   7.9240324e-06
   7.9239024e-06
   7.9238244e-06
   7.9196049e-06
   7.9196049e-06
   7.9180916e-06
   7.9180916e-06
   7.9162428e-06
   7.9162428e-06
   7.9146212e-06
   7.9146212e-06
   7.9146212e-06
   7.9132546e-06
   7.9123337e-06
   7.9123337e-06
   7.9123337e-06
   7.9123337e-06
   7.9123337e-06
   7.9123087e-06
   7.9120911e-06
   7.9120911e-06
   7.9120911e-06
   7.9120911e-06
   7.9118908e-06
   7.9118908e-06
   7.9118781e-06
   7.9102129e-06
   7.9060780e-06
   7.9023085e-06
   7.9023085e-06
   7.8996396e-06
   7.8996396e-06
   7.8995972e-06
   7.8991734e-06
   7.8991734e-06
   7.8974548e-06
   7.8897967e-06
   7.8841755e-06
   7.8808028e-06
   7.8787792e-06
   7.8787792e-06
   7.8784663e-06
   7.8784663e-06
   7.8784386e-06
   7.8750813e-06
   7.8727593e-06
   7.8727593e-06
   7.8710932e-06
   7.8709295e-06
   7.8708313e-06
   7.8707724e-06
   7.8707370e-06
   7.8673676e-06
   7.8643826e-06
   7.8643826e-06
   7.8633840e-06
   7.8633840e-06
   7.8633840e-06
   7.8633840e-06
   7.8633840e-06
   7.8633840e-06
   7.8610016e-06
   7.8610016e-06
   7.8610016e-06
   7.8610016e-06
   7.8610016e-06
   7.8610016e-06
   7.8610016e-06
   7.8610016e-06
   7.8582485e-06
   7.8582485e-06
   7.8582485e-06
   7.8582485e-06
   7.8582485e-06
   7.8582485e-06
   7.8582485e-06
   7.8582376e-06
   7.8576943e-06
   7.8570116e-06
   7.8553313e-06
   7.8537841e-06
   7.8527676e-06
   7.8518557e-06
   7.8508416e-06
   7.8508416e-06
   7.8505234e-06
   7.8505234e-06
   7.8505234e-06
   7.8505234e-06
   7.8499454e-06
   7.8483140e-06
   7.8459587e-06
   7.8459587e-06
   7.8459587e-06
   7.8442574e-06
   7.8424294e-06
   7.8424294e-06
   7.8406108e-06
   7.8406108e-06
   7.8402138e-06
   7.8390227e-06
   7.8378768e-06
   7.8365145e-06
   7.8356961e-06
   7.8352051e-06
   7.8344651e-06
   7.8344651e-06
   7.8331212e-06
   7.8331212e-06
   7.8314883e-06
   7.8314883e-06
   7.8314883e-06
   7.8314883e-06
   7.8314883e-06
   7.8288326e-06
   7.8288326e-06
   7.8281528e-06
   7.8281528e-06
   7.8262383e-06
   7.8262383e-06
   7.8262383e-06
   7.8240514e-06
   7.8240514e-06
   7.8240514e-06
   7.8240514e-06
   7.8240514e-06
   7.8240514e-06
   7.8240514e-06
   7.8240514e-06
   7.8240514e-06
   7.8213977e-06
   7.8204479e-06
   7.8204479e-06
   7.8204479e-06
   7.8204479e-06
   7.8195685e-06
   7.8195685e-06
   7.8195685e-06
   7.8195685e-06
   7.8195685e-06
   7.8189734e-06
   7.8189734e-06
   7.8189734e-06
   7.8189734e-06
   7.8185937e-06
   7.8179077e-06
   7.8179077e-06
   7.8178903e-06
   7.8178903e-06
   7.8178903e-06
   7.8178903e-06
   7.8124398e-06
   7.8124398e-06
   7.8112594e-06
   7.8112594e-06
   7.8112594e-06
   7.8112594e-06
   7.8112594e-06
   7.8112594e-06
   7.8112594e-06
   7.8112594e-06
   7.8091251e-06
   7.8084652e-06
   7.8084652e-06
   7.8083036e-06
   7.8083036e-06
   7.8083036e-06
   7.8083036e-06
   7.8083036e-06
   7.8083036e-06
   7.8081248e-06
   7.8064486e-06
   7.8064486e-06
   7.8064486e-06
   7.8064486e-06
   7.8064486e-06
   7.8064486e-06
   7.8064486e-06
   7.8051234e-06
   7.8040715e-06
   7.8040715e-06
   7.8040715e-06
   7.8040715e-06
   7.8040715e-06
   7.8040715e-06
   7.8040715e-06
   7.8040715e-06
   7.8029876e-06
   7.8029876e-06
   7.8029876e-06
   7.8026074e-06
   7.8026074e-06
   7.8026074e-06
   7.8026074e-06
   7.8026074e-06
   7.8026074e-06
   7.8026074e-06
   7.8026074e-06
   7.8026074e-06
   7.8026074e-06
   7.8026074e-06
   7.8026074e-06
   7.8026039e-06
   7.8026039e-06
   7.8026039e-06
   7.8026039e-06
   7.8026039e-06
   7.8025851e-06
   7.8025851e-06
   7.8025851e-06
   7.8024971e-06
   7.8024971e-06
   7.8024269e-06
   7.8023668e-06
   7.8023308e-06
   7.8022449e-06
   7.8019321e-06
   7.8015824e-06
   7.8015824e-06
   7.8015113e-06
   7.8014206e-06
   7.8014206e-06
   7.8013292e-06
   7.8012386e-06
   7.8012386e-06
   7.8012386e-06
   7.8008939e-06
   7.8006371e-06
   7.8006371e-06
   7.8005039e-06
   7.8000658e-06
   7.8000658e-06
   7.7998230e-06
   7.7995568e-06
   7.7995568e-06
   7.7975818e-06
   7.7975214e-06
   7.7934881e-06
   7.7934881e-06
   7.7924059e-06
   7.7920388e-06
   7.7887619e-06
   7.7837555e-06
   7.7837555e-06
   7.7837555e-06
   7.7790657e-06
   7.7689413e-06
   7.7645104e-06
   7.7645104e-06
   7.7645104e-06
   7.7645104e-06
   7.7645104e-06
   7.7645104e-06
   7.7645104e-06
   7.7645104e-06
   7.7631074e-06
   7.7631074e-06
   7.7631074e-06
   7.7631074e-06
   7.7631074e-06
   7.7631074e-06
   7.7631074e-06
   7.7631074e-06
   7.7631074e-06
   7.7631074e-06
   7.7631074e-06
   7.7631074e-06
   7.7631074e-06
   7.7631074e-06
   7.7631074e-06
   7.7631074e-06
   7.7631074e-06
   7.7631074e-06
   7.7630469e-06
   7.7630469e-06
   7.7630166e-06
   7.7630166e-06
   7.7629520e-06
   7.7629520e-06
   7.7629520e-06
   7.7629520e-06
   7.7628659e-06
   7.7627453e-06
   7.7627453e-06
   7.7627453e-06
   7.7627453e-06
   7.7627453e-06
   7.7627453e-06
   7.7626732e-06
   7.7626732e-06
   7.7626732e-06
   7.7623301e-06
   7.7623301e-06
   7.7623301e-06
   7.7623301e-06
   7.7623301e-06
   7.7623301e-06
   7.7623301e-06
   7.7623301e-06
   7.7623301e-06
   7.7623301e-06
   7.7623301e-06
   7.7623301e-06
   7.7623301e-06
   7.7623301e-06
   7.7623301e-06
   7.7623301e-06
   7.7623301e-06
   7.7622847e-06
   7.7622847e-06
   7.7622847e-06
   7.7621773e-06
   7.7615686e-06
   7.7615686e-06
   7.7614030e-06
   7.7614030e-06
   7.7612243e-06
   7.7610868e-06
   7.7610044e-06
   7.7610044e-06
   7.7609993e-06
   7.7609993e-06
   7.7609993e-06
   7.7609993e-06
   7.7609852e-06
   7.7609852e-06
   7.7609852e-06
   7.7609809e-06
   7.7608861e-06
   7.7606235e-06
   7.7603843e-06
   7.7602129e-06
   7.7601101e-06
   7.7601101e-06
   7.7601101e-06
   7.7601101e-06
   7.7601038e-06
   7.7600707e-06
   7.7600509e-06
   7.7599779e-06
   7.7599779e-06
   7.7599779e-06
   7.7599711e-06
   7.7599263e-06
   7.7598662e-06
   7.7598662e-06
   7.7598662e-06
   7.7598662e-06
   7.7598662e-06
   7.7598662e-06
   7.7598662e-06
   7.7598662e-06
   7.7598662e-06
   7.7598662e-06
   7.7598662e-06
   7.7598624e-06
   7.7598581e-06
   7.7598555e-06
   7.7598539e-06
   7.7598530e-06
   7.7598524e-06
   7.7598520e-06
   7.7598235e-06
   7.7598235e-06
   7.7598137e-06
   7.7598137e-06
   7.7598137e-06
   7.7597971e-06
   7.7597720e-06
   7.7597720e-06
   7.7597200e-06
   7.7596792e-06
   7.7596397e-06
   7.7596229e-06
   7.7596038e-06
   7.7595194e-06
   7.7595194e-06
   7.7595194e-06
   7.7594915e-06
   7.7594532e-06
   7.7593947e-06
   7.7593947e-06
   7.7593509e-06
   7.7592740e-06
   7.7592740e-06
   7.7592740e-06
   7.7592740e-06
   7.7592380e-06
   7.7592380e-06
   7.7592248e-06
   7.7592248e-06
   7.7592236e-06
   7.7592068e-06
   7.7592068e-06
   7.7591870e-06
   7.7591870e-06
   7.7591870e-06
   7.7591870e-06
   7.7591870e-06
   7.7591731e-06
   7.7591731e-06
   7.7591606e-06
   7.7591606e-06
   7.7591606e-06
   7.7591606e-06
   7.7591606e-06
   7.7591606e-06
   7.7591606e-06
   7.7591583e-06
   7.7591583e-06
   7.7591583e-06
   7.7591583e-06
   7.7591583e-06
   7.7591561e-06
   7.7591561e-06
   7.7591558e-06
   7.7591558e-06
   7.7591463e-06
   7.7591448e-06
   7.7591380e-06
   7.7591293e-06
   7.7591018e-06
   7.7591013e-06
   7.7590804e-06
   7.7590678e-06
   7.7590678e-06
   7.7590678e-06
   7.7590678e-06
   7.7590678e-06
   7.7590416e-06
   7.7590416e-06
   7.7590416e-06
   7.7590416e-06
   7.7590416e-06
   7.7590416e-06
   7.7590416e-06
   7.7590416e-06
   7.7590416e-06
   7.7590416e-06
   7.7590343e-06
   7.7590319e-06
   7.7590319e-06
   7.7590319e-06
   7.7590319e-06
   7.7590319e-06
   7.7590319e-06
   7.7590319e-06
   7.7590319e-06
   7.7590319e-06
   7.7590319e-06
   7.7590319e-06
   7.7590319e-06
   7.7590319e-06
   7.7590319e-06
   7.7590319e-06
   7.7590319e-06
   7.7590301e-06
   7.7590281e-06
   7.7590269e-06
   7.7590217e-06
   7.7590217e-06
   7.7590217e-06
   7.7590217e-06
   7.7590183e-06
   7.7590183e-06
   7.7590183e-06
   7.7590172e-06
   7.7590154e-06
   7.7590134e-06
   7.7590134e-06
   7.7590134e-06
   7.7590134e-06
   7.7589953e-06
   7.7589767e-06
   7.7589426e-06
   7.7588809e-06
   7.7588306e-06
   7.7587727e-06
   7.7586834e-06
   7.7586710e-06
   7.7586710e-06
   7.7586710e-06
   7.7586426e-06
   7.7585927e-06
   7.7585927e-06
   7.7585721e-06
   7.7585721e-06
   7.7585586e-06
   7.7585586e-06
   7.7585586e-06
   7.7585586e-06
   7.7585559e-06
   7.7585559e-06
   7.7585559e-06
   7.7585559e-06
   7.7585559e-06
   7.7585559e-06
   7.7585559e-06
   7.7585559e-06
   7.7585556e-06
   7.7585524e-06
   7.7585506e-06
   7.7585506e-06
   7.7585506e-06
   7.7585502e-06
   7.7585497e-06
   7.7585494e-06
   7.7585492e-06
   7.7585491e-06
   7.7585490e-06
   7.7585480e-06
   7.7585261e-06
   7.7585261e-06
   7.7585028e-06
   7.7584484e-06
   7.7583648e-06
   7.7583648e-06
   7.7583310e-06
   7.7583310e-06
   7.7583310e-06
   7.7583066e-06
   7.7583066e-06
   7.7583004e-06
   7.7583004e-06
   7.7582659e-06
   7.7582082e-06
   7.7582082e-06
   7.7582071e-06
   7.7582071e-06
   7.7581952e-06
   7.7581563e-06
   7.7581563e-06
   7.7581432e-06
   7.7581432e-06
   7.7581432e-06
   7.7581432e-06
   7.7581351e-06
   7.7581351e-06
   7.7581351e-06
   7.7581351e-06
   7.7581351e-06
   7.7580808e-06
   7.7580808e-06
   7.7580808e-06
   7.7580808e-06
   7.7580808e-06
   7.7580799e-06
   7.7580799e-06
   7.7580799e-06
   7.7580799e-06
   7.7580799e-06
   7.7580799e-06
   7.7580676e-06
   7.7580676e-06
   7.7580676e-06
   7.7580676e-06
   7.7580676e-06
   7.7580676e-06
   7.7580676e-06
   7.7580676e-06
   7.7580676e-06
   7.7580676e-06
   7.7580676e-06
   7.7580676e-06
   7.7580606e-06
   7.7580308e-06
   7.7580308e-06
   7.7580308e-06
   7.7580308e-06
   7.7580308e-06
   7.7580308e-06
   7.7580308e-06
   7.7580308e-06
   7.7580308e-06
   7.7580308e-06
   7.7580291e-06
   7.7580291e-06
   7.7580291e-06
   7.7580250e-06
   7.7580129e-06
   7.7580129e-06
   7.7580129e-06
   7.7580129e-06
   7.7580129e-06
   7.7580048e-06
   7.7580048e-06
   7.7580045e-06
   7.7580045e-06
   7.7579929e-06
   7.7579929e-06
   7.7579929e-06
   7.7579929e-06
   7.7579929e-06
   7.7579929e-06
   7.7579929e-06
   7.7579929e-06
   7.7579929e-06
   7.7579929e-06
   7.7579928e-06
   7.7579928e-06
   7.7579928e-06
   7.7579880e-06
   7.7579880e-06
   7.7579880e-06
   7.7579858e-06
   7.7579858e-06
   7.7579858e-06
   7.7579858e-06
   7.7579858e-06
   7.7579814e-06
   7.7579773e-06
   7.7579773e-06
   7.7579725e-06
   7.7579625e-06
   7.7579563e-06
   7.7579563e-06
   7.7579536e-06
   7.7579536e-06
   7.7579490e-06
   7.7579490e-06
   7.7579490e-06
   7.7579490e-06
   7.7579490e-06
   7.7579476e-06
   7.7579441e-06
   7.7579441e-06
   7.7579441e-06
   7.7579441e-06
   7.7579441e-06
   7.7579441e-06
   7.7579441e-06
   7.7579441e-06
   7.7579441e-06
   7.7579435e-06
   7.7579435e-06
   7.7579412e-06
   7.7579373e-06
   7.7579349e-06
   7.7579349e-06
   7.7579349e-06
   7.7579349e-06
   7.7579346e-06
   7.7579346e-06
   7.7579346e-06
   7.7579346e-06
   7.7579341e-06
   7.7579337e-06
   7.7579337e-06
   7.7579337e-06
   7.7579337e-06
   7.7579337e-06
   7.7579336e-06
   7.7579336e-06
   7.7579326e-06
   7.7579326e-06
   7.7579324e-06
   7.7579324e-06
   7.7579324e-06
   7.7579324e-06
   7.7579324e-06
   7.7579324e-06
   7.7579324e-06
   7.7579322e-06
   7.7579320e-06
   7.7579319e-06
   7.7579317e-06
   7.7579315e-06
   7.7579314e-06
   7.7579314e-06
   7.7579311e-06
   7.7579310e-06
   7.7579279e-06
   7.7578985e-06
   7.7578985e-06
   7.7578985e-06
   7.7578985e-06
   7.7578830e-06
   7.7578830e-06
   7.7578756e-06
   7.7578472e-06
   7.7578341e-06
   7.7578341e-06
   7.7578318e-06
   7.7578318e-06
   7.7578318e-06
   7.7578318e-06
   7.7577845e-06
   7.7577845e-06
   7.7577717e-06
   7.7577531e-06
   7.7577531e-06
   7.7577531e-06
   7.7577468e-06
   7.7577306e-06
   7.7577277e-06
   7.7577203e-06
   7.7577203e-06
   7.7577156e-06
   7.7577156e-06
   7.7577156e-06
   7.7577156e-06
   7.7577156e-06
   7.7577153e-06
   7.7577143e-06
   7.7577098e-06
   7.7577071e-06
   7.7577055e-06
   7.7577055e-06
   7.7577050e-06
   7.7577028e-06
   7.7577000e-06
   7.7576982e-06
   7.7576941e-06
   7.7576917e-06
   7.7576903e-06
   7.7576818e-06
   7.7576617e-06
   7.7576416e-06
   7.7576416e-06
   7.7576416e-06
   7.7576416e-06
   7.7576344e-06
   7.7576302e-06
   7.7576302e-06
   7.7576106e-06
   7.7576106e-06
   7.7576106e-06
   7.7576106e-06
   7.7576106e-06
   7.7576106e-06
   7.7576064e-06
   7.7575929e-06
   7.7575863e-06
   7.7575863e-06
   7.7575863e-06
   7.7575863e-06
   7.7575863e-06
   7.7575243e-06
   7.7575243e-06
   7.7574451e-06
   7.7574451e-06
   7.7574015e-06
   7.7574015e-06
   7.7573732e-06
   7.7572650e-06
   7.7571354e-06
   7.7571354e-06
   7.7570984e-06
   7.7569711e-06
   7.7569711e-06
   7.7569711e-06
   7.7569711e-06
   7.7569711e-06
   7.7569711e-06
   7.7569711e-06
   7.7569711e-06
   7.7569711e-06
   7.7569711e-06
   7.7569711e-06
   7.7569711e-06
   7.7569526e-06
   7.7569526e-06
   7.7569526e-06
   7.7569526e-06
   7.7569526e-06
   7.7569526e-06
   7.7569526e-06
   7.7569513e-06
   7.7569501e-06
   7.7569494e-06
   7.7569489e-06
   7.7569487e-06
   7.7569432e-06
   7.7569432e-06
   7.7569401e-06
   7.7569379e-06
   7.7569366e-06
   7.7569303e-06
   7.7569303e-06
   7.7568850e-06
   7.7568850e-06
   7.7568836e-06
   7.7568836e-06
   7.7568836e-06
   7.7568836e-06
   7.7568836e-06
   7.7568809e-06
   7.7568809e-06
   7.7568749e-06
   7.7568749e-06
   7.7568749e-06
   7.7568749e-06
   7.7568749e-06
   7.7568749e-06
   7.7568717e-06
   7.7568717e-06
   7.7568698e-06
   7.7568634e-06
   7.7568596e-06
   7.7568551e-06
   7.7568526e-06
   7.7568498e-06
   7.7568482e-06
   7.7568445e-06
   7.7568411e-06
   7.7568362e-06
   7.7568295e-06
   7.7568295e-06
   7.7568295e-06
   7.7568295e-06
   7.7568288e-06
   7.7568288e-06
   7.7568288e-06
   7.7568249e-06
   7.7568249e-06
   7.7568247e-06
   7.7568247e-06
   7.7568235e-06
   7.7568212e-06
   7.7568184e-06
   7.7568141e-06
   7.7568141e-06
   7.7568124e-06
   7.7568116e-06
   7.7568082e-06
   7.7568079e-06
   7.7568079e-06
   7.7568079e-06
   7.7568079e-06
   7.7567986e-06
   7.7567986e-06
   7.7567986e-06
   7.7567986e-06
   7.7567986e-06
   7.7567986e-06
   7.7567986e-06
   7.7567986e-06
   7.7567986e-06
   7.7567986e-06
   7.7567986e-06
   7.7567974e-06
   7.7567955e-06
   7.7567955e-06
   7.7567955e-06
   7.7567955e-06
   7.7567921e-06
   7.7567906e-06
   7.7567906e-06
   7.7567904e-06
   7.7567904e-06
   7.7567892e-06
   7.7567892e-06
   7.7567880e-06
   7.7567868e-06
   7.7567861e-06
   7.7567848e-06
   7.7567847e-06
   7.7567847e-06
   7.7567847e-06
   7.7567847e-06
   7.7567834e-06
   7.7567815e-06
   7.7567815e-06
   7.7567809e-06
   7.7567809e-06
   7.7567809e-06
   7.7567809e-06
   7.7567809e-06
   7.7567801e-06
   7.7567801e-06
   7.7567801e-06
   7.7567801e-06
   7.7567801e-06
   7.7567801e-06
   7.7567801e-06
   7.7567799e-06
   7.7567799e-06
   7.7567794e-06
   7.7567794e-06
   7.7567794e-06
   7.7567793e-06
   7.7567791e-06
   7.7567763e-06
   7.7567763e-06
   7.7567763e-06
   7.7567763e-06
   7.7567763e-06
   7.7567763e-06
   7.7567763e-06
   7.7567763e-06
   7.7567759e-06
   7.7567759e-06
   7.7567754e-06
   7.7567754e-06
   7.7567747e-06
   7.7567747e-06
   7.7567747e-06
   7.7567747e-06
   7.7567737e-06
   7.7567737e-06
   7.7567737e-06
   7.7567735e-06
   7.7567735e-06
   7.7567735e-06
   7.7567735e-06
   7.7567732e-06
   7.7567728e-06
   7.7567728e-06
   7.7567728e-06
   7.7567728e-06
   7.7567728e-06
   7.7567718e-06
   7.7567713e-06
   7.7567710e-06
   7.7567710e-06
   7.7567710e-06
   7.7567710e-06
   7.7567709e-06
   7.7567709e-06
   7.7567709e-06
   7.7567700e-06
   7.7567694e-06
   7.7567694e-06
   7.7567694e-06
   7.7567694e-06
   7.7567687e-06
   7.7567684e-06
   7.7567683e-06
   7.7567682e-06
   7.7567681e-06
   7.7567676e-06
   7.7567676e-06
   7.7567676e-06
   7.7567675e-06
   7.7567675e-06
   7.7567675e-06
   7.7567675e-06
   7.7567675e-06
   7.7567675e-06
   7.7567675e-06
   7.7567675e-06
   7.7567675e-06
   7.7567675e-06
   7.7567675e-06
   7.7567675e-06
   7.7567675e-06
   7.7567675e-06
   7.7567675e-06
   7.7567675e-06
   7.7567672e-06
   7.7567672e-06
   7.7567669e-06
   7.7567668e-06
   7.7567668e-06
   7.7567667e-06
   7.7567667e-06
   7.7567662e-06
   7.7567662e-06
   7.7567662e-06
   7.7567662e-06
   7.7567662e-06
   7.7567662e-06
   7.7567662e-06
   7.7567662e-06
   7.7567662e-06
   7.7567659e-06
   7.7567659e-06
   7.7567659e-06
   7.7567659e-06
   7.7567659e-06
   7.7567659e-06
   7.7567659e-06
   7.7567658e-06
   7.7567658e-06
   7.7567654e-06
   7.7567654e-06
   7.7567650e-06
   7.7567648e-06
   7.7567648e-06
   7.7567648e-06
   7.7567641e-06
   7.7567641e-06
   7.7567641e-06
   7.7567641e-06
   7.7567641e-06
   7.7567641e-06
   7.7567641e-06
   7.7567638e-06
   7.7567627e-06
   7.7567618e-06
   7.7567618e-06
   7.7567613e-06
   7.7567613e-06
   7.7567613e-06
   7.7567613e-06
   7.7567613e-06
   7.7567613e-06
   7.7567612e-06
   7.7567611e-06
   7.7567611e-06
   7.7567611e-06
   7.7567610e-06
   7.7567610e-06
   7.7567610e-06
   7.7567603e-06
   7.7567601e-06
   7.7567595e-06
   7.7567592e-06
   7.7567590e-06
   7.7567589e-06
   7.7567585e-06
   7.7567584e-06
   7.7567582e-06
   7.7567582e-06
   7.7567582e-06
   7.7567582e-06
   7.7567579e-06
   7.7567565e-06
   7.7567562e-06
   7.7567562e-06
   7.7567551e-06
   7.7567551e-06
   7.7567551e-06
   7.7567537e-06
   7.7567537e-06
   7.7567522e-06
   7.7567519e-06
   7.7567519e-06
   7.7567519e-06
   7.7567509e-06
   7.7567509e-06
   7.7567509e-06
   7.7567506e-06
   7.7567506e-06
   7.7567506e-06
   7.7567506e-06
   7.7567506e-06
   7.7567506e-06
   7.7567506e-06
   7.7567499e-06
   7.7567496e-06
   7.7567496e-06
   7.7567490e-06
   7.7567490e-06
   7.7567490e-06
   7.7567490e-06
   7.7567490e-06
   7.7567490e-06
   7.7567489e-06
   7.7567486e-06
   7.7567486e-06
   7.7567482e-06
   7.7567482e-06
   7.7567481e-06
   7.7567481e-06
   7.7567481e-06
   7.7567481e-06
   7.7567470e-06
