   1.9325452e+00
   1.9325452e+00
   1.8587892e+00
   1.6846934e+00
   1.5471660e+00
   1.4152815e+00
   1.3957581e+00
   1.3489815e+00
   1.3489815e+00
   1.3104682e+00
   1.2199835e+00
   1.0979172e+00
   1.0865597e+00
   9.9120298e-01
   9.0326186e-01
   9.0326186e-01
   8.6383442e-01
   7.9757630e-01
   7.4638631e-01
   6.5975441e-01
   6.5975441e-01
   6.5975441e-01
   6.3711820e-01
   6.1067218e-01
   5.9480457e-01
   5.4975058e-01
   5.2207445e-01
   4.9994570e-01
   4.6936652e-01
   4.2891422e-01
   4.2891422e-01
   4.0132637e-01
   3.8682211e-01
   3.8682211e-01
   3.5051594e-01
   3.5051594e-01
   3.5051594e-01
   3.5051594e-01
   3.4424713e-01
   3.3731920e-01
   3.2683220e-01
   3.2276431e-01
   2.8713903e-01
   2.8713903e-01
   2.8713903e-01
   2.6761771e-01
   2.6761771e-01
   2.6761771e-01
   2.3516937e-01
   2.3516937e-01
   2.3516937e-01
   2.3516937e-01
   2.3516937e-01
   2.3186687e-01
   2.3186687e-01
   2.3186687e-01
   2.3186687e-01
   2.2256735e-01
   2.2256735e-01
   2.1674609e-01
   2.1674609e-01
   2.1674609e-01
   2.1674609e-01
   1.9579486e-01
   1.8485117e-01
   1.8332699e-01
   1.8332699e-01
   1.8332699e-01
   1.6102467e-01
   1.2699214e-01
   1.2699214e-01
   1.2699214e-01
   1.2699214e-01
   1.2346208e-01
   1.1367015e-01
   1.1367015e-01
   1.1367015e-01
   1.1367015e-01
   1.1367015e-01
   1.1120574e-01
   1.1120574e-01
   1.1120574e-01
   1.0347569e-01
   9.9714597e-02
   9.9714597e-02
   9.9714597e-02
   9.9714597e-02
   8.8188515e-02
   8.8188515e-02
   8.8188515e-02
   8.8188515e-02
   8.8188515e-02
   8.4240248e-02
   7.1646618e-02
   7.1646618e-02
   7.1646618e-02
   6.7591134e-02
   6.7591134e-02
   6.7591134e-02
   6.6365270e-02
   6.6365270e-02
   6.6365270e-02
   6.6365270e-02
   5.8345165e-02
   5.8345165e-02
   5.4601078e-02
   5.4601078e-02
   5.4601078e-02
   5.4601078e-02
   5.4601078e-02
   5.4601078e-02
   5.4601078e-02
   5.4601078e-02
   5.4601078e-02
   5.0788857e-02
   4.9054880e-02
   4.9054880e-02
   4.9054880e-02
   4.9054880e-02
   4.3338702e-02
   3.7564436e-02
   3.7564436e-02
   3.7564436e-02
   3.7564436e-02
   3.4700895e-02
   3.4700895e-02
   3.4700895e-02
   3.4102751e-02
   3.3509393e-02
   3.3509393e-02
   3.3509393e-02
   3.3236115e-02
   3.3236115e-02
   2.7350745e-02
   2.7350745e-02
   2.7350745e-02
   2.7350745e-02
   2.7350745e-02
   2.5761648e-02
   2.5761648e-02
   2.5761648e-02
   2.5761648e-02
   2.4245135e-02
   2.4245135e-02
   2.4245135e-02
   2.4245135e-02
   2.4245135e-02
   1.8865666e-02
   1.8865666e-02
   1.7468852e-02
   1.7468852e-02
   1.7468852e-02
   1.7468852e-02
   1.5427206e-02
   1.5427206e-02
   1.5427206e-02
   1.5427206e-02
   1.4718954e-02
   1.4718954e-02
   1.4718954e-02
   1.4252363e-02
   1.3693569e-02
   1.3693569e-02
   1.3621985e-02
   1.3621985e-02
   1.3621985e-02
   1.3239857e-02
   1.3239857e-02
   1.2780189e-02
   1.2780189e-02
   1.2780189e-02
   1.1925231e-02
   1.1787942e-02
   1.1787942e-02
   1.1787942e-02
   1.1371726e-02
   1.1371726e-02
   1.1371726e-02
   1.1371726e-02
   1.1371726e-02
   1.1371726e-02
   1.1222144e-02
   1.1222144e-02
   1.1049827e-02
   1.0669779e-02
   9.9468740e-03
   9.9468740e-03
   9.9468740e-03
   9.9468740e-03
   9.9468740e-03
   9.9044162e-03
   7.2657419e-03
   7.2657419e-03
   7.1565528e-03
   7.1565528e-03
   7.1565528e-03
   6.9500952e-03
   6.9500952e-03
   6.9500952e-03
   6.4704961e-03
   6.2847388e-03
   4.8546285e-03
   4.8546285e-03
   4.8546285e-03
   4.8546285e-03
   4.8546285e-03
   4.6082501e-03
   4.6082501e-03
   4.6082501e-03
   4.5120508e-03
   4.5120508e-03
   4.5120508e-03
   4.5120508e-03
   4.5120508e-03
   4.5102326e-03
   4.2257586e-03
   3.9171597e-03
   3.8867861e-03
   3.8867861e-03
   3.8006803e-03
   3.4158680e-03
   3.4158680e-03
   3.2846168e-03
   3.2846168e-03
   3.0395163e-03
   2.8762491e-03
   2.8762491e-03
   2.8762491e-03
   2.8762491e-03
   2.8363505e-03
   2.8363505e-03
   2.7900535e-03
   2.7900535e-03
   2.6797580e-03
   2.6441187e-03
   2.5602687e-03
   2.5530590e-03
   2.3845020e-03
   2.2406347e-03
   2.2406347e-03
   2.1354335e-03
   2.0152471e-03
   2.0152471e-03
   2.0152471e-03
   2.0152471e-03
   1.9455145e-03
   1.9455145e-03
   1.9455145e-03
   1.8677995e-03
   1.8165764e-03
   1.8165764e-03
   1.7812888e-03
   1.7812888e-03
   1.7812888e-03
   1.7812888e-03
   1.7812888e-03
   1.7566140e-03
   1.7566140e-03
   1.6107508e-03
   1.6107508e-03
   1.6107508e-03
   1.6107508e-03
   1.6107508e-03
   1.6107508e-03
   1.6107508e-03
   1.5220779e-03
   1.5220779e-03
   1.5091419e-03
   1.5091419e-03
   1.5091419e-03
   1.4862141e-03
   1.4513447e-03
   1.4513447e-03
   1.4513447e-03
   1.4248689e-03
   1.3096318e-03
   1.2382803e-03
   1.2382803e-03
   1.2382803e-03
   1.2382803e-03
   1.2382803e-03
   1.2372341e-03
   1.2301316e-03
   1.2064933e-03
   1.2064933e-03
   1.2064933e-03
   1.2064933e-03
   1.2064933e-03
   1.2064933e-03
   1.2064933e-03
   1.2064933e-03
   1.2064933e-03
   1.2064933e-03
   1.1885765e-03
   1.1761487e-03
   1.1360591e-03
   1.1314510e-03
   1.0722734e-03
   1.0642191e-03
   1.0642191e-03
   9.9247172e-04
   9.9247172e-04
   9.9247172e-04
   9.9247172e-04
   9.6689306e-04
   9.3593612e-04
   9.3593612e-04
   9.3593612e-04
   9.3593612e-04
   9.3261920e-04
   9.3261920e-04
   8.7058457e-04
   8.3494054e-04
   7.9266336e-04
   7.9266336e-04
   7.9266336e-04
   7.9266336e-04
   7.4745274e-04
   7.4745274e-04
   7.4745274e-04
   7.4333000e-04
   6.7223070e-04
   6.7223070e-04
   6.7223070e-04
   6.7223070e-04
   6.7223070e-04
   6.4531493e-04
   6.4531493e-04
   6.4531493e-04
   6.4531493e-04
   6.4531493e-04
   5.5394729e-04
   5.5394729e-04
   5.5394729e-04
   5.5394729e-04
   5.5394729e-04
   5.5394729e-04
   5.3794610e-04
   5.3794610e-04
   5.3794610e-04
   5.3794610e-04
   5.3794610e-04
   5.3794610e-04
   5.3794610e-04
   5.3794610e-04
   5.3794610e-04
   5.3794610e-04
   5.3272521e-04
   5.3272521e-04
   5.1407792e-04
   5.1407792e-04
   5.1407792e-04
   5.1407792e-04
   5.1407792e-04
   4.8761813e-04
   4.5082456e-04
   4.5082456e-04
   4.4069329e-04
   4.4069329e-04
   4.4069329e-04
   4.3315890e-04
   4.3315890e-04
   4.3269207e-04
   4.3269207e-04
   4.3269207e-04
   4.3063415e-04
   4.3063415e-04
   4.2962079e-04
   4.2962079e-04
   4.2962079e-04
   4.2812853e-04
   4.2434630e-04
   4.2434630e-04
   4.2434630e-04
   4.2434630e-04
   4.2434630e-04
   4.2434630e-04
   4.2124348e-04
   4.1598857e-04
   4.0882168e-04
   4.0452155e-04
   4.0194147e-04
   3.9200700e-04
   3.9200700e-04
   3.9063967e-04
   3.9063967e-04
   3.9063967e-04
   3.9063967e-04
   3.8692953e-04
   3.8692953e-04
   3.8692953e-04
   3.8692953e-04
   3.8692953e-04
   3.8692953e-04
   3.8692953e-04
   3.7812555e-04
   3.7276982e-04
   3.7276982e-04
   3.6476061e-04
   3.5982364e-04
   3.5982364e-04
   3.5982364e-04
   3.5982364e-04
   3.5982364e-04
   3.5982364e-04
   3.5982364e-04
   3.5982364e-04
   3.5982364e-04
   3.5982364e-04
   3.5982364e-04
   3.5982364e-04
   3.5982364e-04
   3.5982364e-04
   3.1827227e-04
   3.1827227e-04
   3.1827227e-04
   3.1827227e-04
   3.1827227e-04
   3.1827227e-04
   3.1827227e-04
   3.1827227e-04
   3.1827227e-04
   3.1827227e-04
   3.1827227e-04
   3.1827227e-04
   3.1508891e-04
   3.0992103e-04
   3.0992103e-04
   3.0992103e-04
   3.0700221e-04
   3.0700221e-04
   3.0700221e-04
   3.0700221e-04
   3.0700221e-04
   3.0472818e-04
   3.0472818e-04
   3.0472818e-04
   3.0472818e-04
   3.0472818e-04
   3.0472818e-04
   3.0470341e-04
   3.0469633e-04
   3.0469208e-04
   3.0468953e-04
   3.0468800e-04
   3.0468708e-04
   3.0468653e-04
   3.0468620e-04
   3.0000018e-04
   3.0000018e-04
   3.0000018e-04
   2.9038237e-04
   2.9038237e-04
   2.9038237e-04
   2.9038237e-04
   2.9038237e-04
   2.9038237e-04
   2.9038237e-04
   2.9038237e-04
   2.9038237e-04
   2.8211614e-04
   2.8211614e-04
   2.8211614e-04
   2.8211614e-04
   2.8211614e-04
   2.8211614e-04
   2.8211614e-04
   2.8211614e-04
   2.8022216e-04
   2.7859375e-04
   2.7859375e-04
   2.7859375e-04
   2.7810742e-04
   2.7810742e-04
   2.7810742e-04
   2.7810742e-04
   2.7810742e-04
   2.7810742e-04
   2.7810742e-04
   2.7810742e-04
   2.7810742e-04
   2.7810742e-04
   2.7796760e-04
   2.7796760e-04
   2.7796760e-04
   2.7796760e-04
   2.7627340e-04
   2.7496419e-04
   2.7322211e-04
   2.7125696e-04
   2.7125696e-04
   2.7125696e-04
   2.7125696e-04
   2.7065182e-04
   2.7065182e-04
   2.6871408e-04
   2.6871408e-04
   2.6871408e-04
   2.6803367e-04
   2.6384829e-04
   2.6384829e-04
   2.6384829e-04
   2.6384829e-04
   2.6384829e-04
   2.6384829e-04
   2.6384829e-04
   2.6384829e-04
   2.6384829e-04
   2.6065028e-04
   2.6065028e-04
   2.6065028e-04
   2.6065028e-04
   2.6065028e-04
   2.6065028e-04
   2.6065028e-04
   2.6065028e-04
   2.6065028e-04
   2.6065028e-04
   2.6065028e-04
   2.5827391e-04
   2.5797959e-04
   2.5797959e-04
   2.5795572e-04
   2.5795572e-04
   2.5795572e-04
   2.5792715e-04
   2.5710938e-04
   2.5710938e-04
   2.5710938e-04
   2.5710938e-04
   2.5710938e-04
   2.5697741e-04
   2.5697741e-04
   2.5697741e-04
   2.5651873e-04
   2.5651873e-04
   2.5651873e-04
   2.5624813e-04
   2.5624813e-04
   2.5624813e-04
   2.5624813e-04
   2.5624813e-04
   2.5624813e-04
   2.5624669e-04
   2.5624669e-04
   2.5620964e-04
   2.5600031e-04
   2.5362276e-04
   2.5362276e-04
   2.5362276e-04
   2.5362276e-04
   2.5251601e-04
   2.5182789e-04
   2.5141502e-04
   2.5141502e-04
   2.5141502e-04
   2.5141488e-04
   2.5120272e-04
   2.5107543e-04
   2.5099906e-04
   2.5095323e-04
   2.5092574e-04
   2.5083731e-04
   2.5027864e-04
   2.5027864e-04
   2.5027864e-04
   2.5015100e-04
   2.5015100e-04
   2.5015100e-04
   2.4986439e-04
   2.4961852e-04
   2.4947100e-04
   2.4938248e-04
   2.4932938e-04
   2.4854128e-04
   2.4854128e-04
   2.4854128e-04
   2.4854128e-04
   2.4854128e-04
   2.4844078e-04
   2.4844078e-04
   2.4835342e-04
   2.4835342e-04
   2.4835342e-04
   2.4820175e-04
   2.4814730e-04
   2.4802632e-04
   2.4795372e-04
   2.4791017e-04
   2.4788403e-04
   2.4786835e-04
   2.4785895e-04
   2.4785330e-04
   2.4784991e-04
   2.4766536e-04
   2.4766536e-04
   2.4762037e-04
   2.4746604e-04
   2.4735559e-04
   2.4727086e-04
   2.4712393e-04
   2.4712393e-04
   2.4624755e-04
   2.4624755e-04
   2.4596033e-04
   2.4596033e-04
   2.4182105e-04
   2.4182105e-04
   2.4182105e-04
   2.4182105e-04
   2.3913452e-04
   2.3913452e-04
   2.3913452e-04
   2.3913452e-04
   2.3913452e-04
   2.3913452e-04
   2.3913452e-04
   2.3913452e-04
   2.3913452e-04
   2.3913452e-04
   2.3913452e-04
   2.3913452e-04
   2.3913452e-04
   2.3913452e-04
   2.3913452e-04
   2.3913452e-04
   2.3913452e-04
   2.3913452e-04
   2.3913452e-04
   2.3913452e-04
   2.3874071e-04
   2.3834944e-04
   2.3811467e-04
   2.3797381e-04
   2.3788929e-04
   2.3783859e-04
   2.3780816e-04
   2.3778990e-04
   2.3777895e-04
   2.3658048e-04
   2.3658048e-04
   2.3658048e-04
   2.3658048e-04
   2.3658048e-04
   2.3658048e-04
   2.3658048e-04
   2.3658048e-04
   2.3658048e-04
   2.3658048e-04
   2.3658048e-04
   2.3658048e-04
   2.3629003e-04
   2.3570367e-04
   2.3514293e-04
   2.3514293e-04
   2.3514293e-04
   2.3450849e-04
   2.3450849e-04
   2.3450849e-04
   2.3450849e-04
   2.3450849e-04
   2.3450849e-04
   2.3450849e-04
   2.3438822e-04
   2.3423831e-04
   2.3423831e-04
   2.3415458e-04
   2.3415458e-04
   2.3415458e-04
   2.3415458e-04
   2.3403091e-04
   2.3361478e-04
   2.3361478e-04
   2.3361478e-04
   2.3361478e-04
   2.3361478e-04
   2.3361478e-04
   2.3361478e-04
   2.3361478e-04
   2.3319371e-04
   2.3230905e-04
   2.3230905e-04
   2.3230905e-04
   2.3230905e-04
   2.3230905e-04
   2.3183286e-04
   2.3183286e-04
   2.3183286e-04
   2.3183286e-04
   2.3183286e-04
   2.3183286e-04
   2.3183286e-04
   2.3183286e-04
   2.3183286e-04
   2.3183286e-04
   2.3183286e-04
   2.3183286e-04
   2.3183286e-04
   2.3183286e-04
   2.3181116e-04
   2.3181116e-04
   2.2948936e-04
   2.2948936e-04
   2.2931261e-04
   2.2931261e-04
   2.2883853e-04
   2.2835252e-04
   2.2806091e-04
   2.2806091e-04
   2.2806091e-04
   2.2806091e-04
   2.2806091e-04
   2.2806091e-04
   2.2757747e-04
   2.2757747e-04
   2.2757747e-04
   2.2670885e-04
   2.2670885e-04
   2.2670885e-04
   2.2670885e-04
   2.2670885e-04
   2.2670885e-04
   2.2670885e-04
   2.2670885e-04
   2.2670885e-04
   2.2670885e-04
   2.2641342e-04
   2.2641342e-04
   2.2641342e-04
   2.2639595e-04
   2.2639595e-04
   2.2639595e-04
   2.2639595e-04
   2.2611075e-04
   2.2611075e-04
   2.2611075e-04
   2.2596054e-04
   2.2596054e-04
   2.2582204e-04
   2.2564474e-04
   2.2555565e-04
   2.2546446e-04
   2.2545830e-04
   2.2545460e-04
   2.2545238e-04
   2.2533233e-04
   2.2533233e-04
   2.2528927e-04
   2.2528927e-04
   2.2523667e-04
   2.2523667e-04
   2.2519053e-04
   2.2519053e-04
   2.2519053e-04
   2.2515164e-04
   2.2512544e-04
   2.2512544e-04
   2.2512544e-04
   2.2512544e-04
   2.2512544e-04
   2.2512473e-04
   2.2511854e-04
   2.2511854e-04
   2.2511854e-04
   2.2511854e-04
   2.2511284e-04
   2.2511284e-04
   2.2511248e-04
   2.2506510e-04
   2.2494745e-04
   2.2484020e-04
   2.2484020e-04
   2.2476426e-04
   2.2476426e-04
   2.2476306e-04
   2.2475100e-04
   2.2475100e-04
   2.2470210e-04
   2.2448421e-04
   2.2432427e-04
   2.2422831e-04
   2.2417073e-04
   2.2417073e-04
   2.2416183e-04
   2.2416183e-04
   2.2416104e-04
   2.2406552e-04
   2.2399945e-04
   2.2399945e-04
   2.2395205e-04
   2.2394739e-04
   2.2394460e-04
   2.2394292e-04
   2.2394191e-04
   2.2384604e-04
   2.2376111e-04
   2.2376111e-04
   2.2373270e-04
   2.2373270e-04
   2.2373270e-04
   2.2373270e-04
   2.2373270e-04
   2.2373270e-04
   2.2366492e-04
   2.2366492e-04
   2.2366492e-04
   2.2366492e-04
   2.2366492e-04
   2.2366492e-04
   2.2366492e-04
   2.2366492e-04
   2.2358658e-04
   2.2358658e-04
   2.2358658e-04
   2.2358658e-04
   2.2358658e-04
   2.2358658e-04
   2.2358658e-04
   2.2358627e-04
   2.2357082e-04
   2.2355139e-04
   2.2350358e-04
   2.2345956e-04
   2.2343064e-04
   2.2340469e-04
   2.2337584e-04
   2.2337584e-04
   2.2336679e-04
   2.2336679e-04
   2.2336679e-04
   2.2336679e-04
   2.2335034e-04
   2.2330392e-04
   2.2323691e-04
   2.2323691e-04
   2.2323691e-04
   2.2318850e-04
   2.2313649e-04
   2.2313649e-04
   2.2308475e-04
   2.2308475e-04
   2.2307345e-04
   2.2303956e-04
   2.2300696e-04
   2.2296820e-04
   2.2294491e-04
   2.2293094e-04
   2.2290989e-04
   2.2290989e-04
   2.2287165e-04
   2.2287165e-04
   2.2282519e-04
   2.2282519e-04
   2.2282519e-04
   2.2282519e-04
   2.2282519e-04
   2.2274963e-04
   2.2274963e-04
   2.2273029e-04
   2.2273029e-04
   2.2267582e-04
   2.2267582e-04
   2.2267582e-04
   2.2261359e-04
   2.2261359e-04
   2.2261359e-04
   2.2261359e-04
   2.2261359e-04
   2.2261359e-04
   2.2261359e-04
   2.2261359e-04
   2.2261359e-04
   2.2253809e-04
   2.2251106e-04
   2.2251106e-04
   2.2251106e-04
   2.2251106e-04
   2.2248604e-04
   2.2248604e-04
   2.2248604e-04
   2.2248604e-04
   2.2248604e-04
   2.2246911e-04
   2.2246911e-04
   2.2246911e-04
   2.2246911e-04
   2.2245831e-04
   2.2243879e-04
   2.2243879e-04
   2.2243829e-04
   2.2243829e-04
   2.2243829e-04
   2.2243829e-04
   2.2228321e-04
   2.2228321e-04
   2.2224963e-04
   2.2224963e-04
   2.2224963e-04
   2.2224963e-04
   2.2224963e-04
   2.2224963e-04
   2.2224963e-04
   2.2224963e-04
   2.2218890e-04
   2.2217013e-04
   2.2217013e-04
   2.2216553e-04
   2.2216553e-04
   2.2216553e-04
   2.2216553e-04
   2.2216553e-04
   2.2216553e-04
   2.2216044e-04
   2.2211275e-04
   2.2211275e-04
   2.2211275e-04
   2.2211275e-04
   2.2211275e-04
   2.2211275e-04
   2.2211275e-04
   2.2207504e-04
   2.2204511e-04
   2.2204511e-04
   2.2204511e-04
   2.2204511e-04
   2.2204511e-04
   2.2204511e-04
   2.2204511e-04
   2.2204511e-04
   2.2201428e-04
   2.2201428e-04
   2.2201428e-04
   2.2200346e-04
   2.2200346e-04
   2.2200346e-04
   2.2200346e-04
   2.2200346e-04
   2.2200346e-04
   2.2200346e-04
   2.2200346e-04
   2.2200346e-04
   2.2200346e-04
   2.2200346e-04
   2.2200346e-04
   2.2200336e-04
   2.2200336e-04
   2.2200336e-04
   2.2200336e-04
   2.2200336e-04
   2.2200282e-04
   2.2200282e-04
   2.2200282e-04
   2.2200032e-04
   2.2200032e-04
   2.2199832e-04
   2.2199661e-04
   2.2199559e-04
   2.2199314e-04
   2.2198424e-04
   2.2197429e-04
   2.2197429e-04
   2.2197227e-04
   2.2196969e-04
   2.2196969e-04
   2.2196709e-04
   2.2196451e-04
   2.2196451e-04
   2.2196451e-04
   2.2195470e-04
   2.2194740e-04
   2.2194740e-04
   2.2194361e-04
   2.2193114e-04
   2.2193114e-04
   2.2192423e-04
   2.2191666e-04
   2.2191666e-04
   2.2186047e-04
   2.2185875e-04
   2.2174399e-04
   2.2174399e-04
   2.2171320e-04
   2.2170275e-04
   2.2160952e-04
   2.2146708e-04
   2.2146708e-04
   2.2146708e-04
   2.2133364e-04
   2.2104557e-04
   2.2091950e-04
   2.2091950e-04
   2.2091950e-04
   2.2091950e-04
   2.2091950e-04
   2.2091950e-04
   2.2091950e-04
   2.2091950e-04
   2.2087959e-04
   2.2087959e-04
   2.2087959e-04
   2.2087959e-04
   2.2087959e-04
   2.2087959e-04
   2.2087959e-04
   2.2087959e-04
   2.2087959e-04
   2.2087959e-04
   2.2087959e-04
   2.2087959e-04
   2.2087959e-04
   2.2087959e-04
   2.2087959e-04
   2.2087959e-04
   2.2087959e-04
   2.2087959e-04
   2.2087786e-04
   2.2087786e-04
   2.2087700e-04
   2.2087700e-04
   2.2087516e-04
   2.2087516e-04
   2.2087516e-04
   2.2087516e-04
   2.2087271e-04
   2.2086928e-04
   2.2086928e-04
   2.2086928e-04
   2.2086928e-04
   2.2086928e-04
   2.2086928e-04
   2.2086723e-04
   2.2086723e-04
   2.2086723e-04
   2.2085747e-04
   2.2085747e-04
   2.2085747e-04
   2.2085747e-04
   2.2085747e-04
   2.2085747e-04
   2.2085747e-04
   2.2085747e-04
   2.2085747e-04
   2.2085747e-04
   2.2085747e-04
   2.2085747e-04
   2.2085747e-04
   2.2085747e-04
   2.2085747e-04
   2.2085747e-04
   2.2085747e-04
   2.2085618e-04
   2.2085618e-04
   2.2085618e-04
   2.2085312e-04
   2.2083580e-04
   2.2083580e-04
   2.2083109e-04
   2.2083109e-04
   2.2082601e-04
   2.2082210e-04
   2.2081975e-04
   2.2081975e-04
   2.2081960e-04
   2.2081960e-04
   2.2081960e-04
   2.2081960e-04
   2.2081920e-04
   2.2081920e-04
   2.2081920e-04
   2.2081908e-04
   2.2081638e-04
   2.2080891e-04
   2.2080211e-04
   2.2079723e-04
   2.2079430e-04
   2.2079430e-04
   2.2079430e-04
   2.2079430e-04
   2.2079412e-04
   2.2079318e-04
   2.2079262e-04
   2.2079054e-04
   2.2079054e-04
   2.2079054e-04
   2.2079035e-04
   2.2078907e-04
   2.2078737e-04
   2.2078737e-04
   2.2078737e-04
   2.2078737e-04
   2.2078737e-04
   2.2078737e-04
   2.2078737e-04
   2.2078737e-04
   2.2078737e-04
   2.2078737e-04
   2.2078737e-04
   2.2078726e-04
   2.2078713e-04
   2.2078706e-04
   2.2078701e-04
   2.2078699e-04
   2.2078697e-04
   2.2078696e-04
   2.2078615e-04
   2.2078615e-04
   2.2078587e-04
   2.2078587e-04
   2.2078587e-04
   2.2078540e-04
   2.2078468e-04
   2.2078468e-04
   2.2078320e-04
   2.2078204e-04
   2.2078092e-04
   2.2078044e-04
   2.2077990e-04
   2.2077750e-04
   2.2077750e-04
   2.2077750e-04
   2.2077670e-04
   2.2077561e-04
   2.2077395e-04
   2.2077395e-04
   2.2077270e-04
   2.2077052e-04
   2.2077052e-04
   2.2077052e-04
   2.2077052e-04
   2.2076949e-04
   2.2076949e-04
   2.2076912e-04
   2.2076912e-04
   2.2076908e-04
   2.2076860e-04
   2.2076860e-04
   2.2076804e-04
   2.2076804e-04
   2.2076804e-04
   2.2076804e-04
   2.2076804e-04
   2.2076764e-04
   2.2076764e-04
   2.2076729e-04
   2.2076729e-04
   2.2076729e-04
   2.2076729e-04
   2.2076729e-04
   2.2076729e-04
   2.2076729e-04
   2.2076722e-04
   2.2076722e-04
   2.2076722e-04
   2.2076722e-04
   2.2076722e-04
   2.2076716e-04
   2.2076716e-04
   2.2076715e-04
   2.2076715e-04
   2.2076688e-04
   2.2076684e-04
   2.2076665e-04
   2.2076640e-04
   2.2076562e-04
   2.2076560e-04
   2.2076501e-04
   2.2076465e-04
   2.2076465e-04
   2.2076465e-04
   2.2076465e-04
   2.2076465e-04
   2.2076390e-04
   2.2076390e-04
   2.2076390e-04
   2.2076390e-04
   2.2076390e-04
   2.2076390e-04
   2.2076390e-04
   2.2076390e-04
   2.2076390e-04
   2.2076390e-04
   2.2076369e-04
   2.2076363e-04
   2.2076363e-04
   2.2076363e-04
   2.2076363e-04
   2.2076363e-04
   2.2076363e-04
   2.2076363e-04
   2.2076363e-04
   2.2076363e-04
   2.2076363e-04
   2.2076363e-04
   2.2076363e-04
   2.2076363e-04
   2.2076363e-04
   2.2076363e-04
   2.2076363e-04
   2.2076358e-04
   2.2076352e-04
   2.2076348e-04
   2.2076334e-04
   2.2076334e-04
   2.2076334e-04
   2.2076334e-04
   2.2076324e-04
   2.2076324e-04
   2.2076324e-04
   2.2076321e-04
   2.2076316e-04
   2.2076310e-04
   2.2076310e-04
   2.2076310e-04
   2.2076310e-04
   2.2076259e-04
   2.2076206e-04
   2.2076109e-04
   2.2075933e-04
   2.2075790e-04
   2.2075625e-04
   2.2075371e-04
   2.2075336e-04
   2.2075336e-04
   2.2075336e-04
   2.2075255e-04
   2.2075113e-04
   2.2075113e-04
   2.2075055e-04
   2.2075055e-04
   2.2075016e-04
   2.2075016e-04
   2.2075016e-04
   2.2075016e-04
   2.2075008e-04
   2.2075008e-04
   2.2075008e-04
   2.2075008e-04
   2.2075008e-04
   2.2075008e-04
   2.2075008e-04
   2.2075008e-04
   2.2075007e-04
   2.2074998e-04
   2.2074993e-04
   2.2074993e-04
   2.2074993e-04
   2.2074992e-04
   2.2074991e-04
   2.2074990e-04
   2.2074989e-04
   2.2074989e-04
   2.2074989e-04
   2.2074986e-04
   2.2074924e-04
   2.2074924e-04
   2.2074857e-04
   2.2074703e-04
   2.2074465e-04
   2.2074465e-04
   2.2074368e-04
   2.2074368e-04
   2.2074368e-04
   2.2074299e-04
   2.2074299e-04
   2.2074281e-04
   2.2074281e-04
   2.2074183e-04
   2.2074019e-04
   2.2074019e-04
   2.2074016e-04
   2.2074016e-04
   2.2073982e-04
   2.2073871e-04
   2.2073871e-04
   2.2073834e-04
   2.2073834e-04
   2.2073834e-04
   2.2073834e-04
   2.2073811e-04
   2.2073811e-04
   2.2073811e-04
   2.2073811e-04
   2.2073811e-04
   2.2073657e-04
   2.2073657e-04
   2.2073657e-04
   2.2073657e-04
   2.2073657e-04
   2.2073654e-04
   2.2073654e-04
   2.2073654e-04
   2.2073654e-04
   2.2073654e-04
   2.2073654e-04
   2.2073619e-04
   2.2073619e-04
   2.2073619e-04
   2.2073619e-04
   2.2073619e-04
   2.2073619e-04
   2.2073619e-04
   2.2073619e-04
   2.2073619e-04
   2.2073619e-04
   2.2073619e-04
   2.2073619e-04
   2.2073599e-04
   2.2073514e-04
   2.2073514e-04
   2.2073514e-04
   2.2073514e-04
   2.2073514e-04
   2.2073514e-04
   2.2073514e-04
   2.2073514e-04
   2.2073514e-04
   2.2073514e-04
   2.2073510e-04
   2.2073510e-04
   2.2073510e-04
   2.2073498e-04
   2.2073463e-04
   2.2073463e-04
   2.2073463e-04
   2.2073463e-04
   2.2073463e-04
   2.2073440e-04
   2.2073440e-04
   2.2073439e-04
   2.2073439e-04
   2.2073407e-04
   2.2073407e-04
   2.2073407e-04
   2.2073407e-04
   2.2073407e-04
   2.2073407e-04
   2.2073407e-04
   2.2073407e-04
   2.2073407e-04
   2.2073407e-04
   2.2073406e-04
   2.2073406e-04
   2.2073406e-04
   2.2073392e-04
   2.2073392e-04
   2.2073392e-04
   2.2073386e-04
   2.2073386e-04
   2.2073386e-04
   2.2073386e-04
   2.2073386e-04
   2.2073374e-04
   2.2073362e-04
   2.2073362e-04
   2.2073349e-04
   2.2073320e-04
   2.2073302e-04
   2.2073302e-04
   2.2073295e-04
   2.2073295e-04
   2.2073282e-04
   2.2073282e-04
   2.2073282e-04
   2.2073282e-04
   2.2073282e-04
   2.2073278e-04
   2.2073268e-04
   2.2073268e-04
   2.2073268e-04
   2.2073268e-04
   2.2073268e-04
   2.2073268e-04
   2.2073268e-04
   2.2073268e-04
   2.2073268e-04
   2.2073266e-04
   2.2073266e-04
   2.2073259e-04
   2.2073248e-04
   2.2073241e-04
   2.2073241e-04
   2.2073241e-04
   2.2073241e-04
   2.2073241e-04
   2.2073241e-04
   2.2073241e-04
   2.2073241e-04
   2.2073239e-04
   2.2073238e-04
   2.2073238e-04
   2.2073238e-04
   2.2073238e-04
   2.2073238e-04
   2.2073238e-04
   2.2073238e-04
   2.2073235e-04
   2.2073235e-04
   2.2073234e-04
   2.2073234e-04
   2.2073234e-04
   2.2073234e-04
   2.2073234e-04
   2.2073234e-04
   2.2073234e-04
   2.2073234e-04
   2.2073233e-04
   2.2073233e-04
   2.2073232e-04
   2.2073232e-04
   2.2073232e-04
   2.2073232e-04
   2.2073231e-04
   2.2073230e-04
   2.2073221e-04
   2.2073138e-04
   2.2073138e-04
   2.2073138e-04
   2.2073138e-04
   2.2073094e-04
   2.2073094e-04
   2.2073073e-04
   2.2072992e-04
   2.2072955e-04
   2.2072955e-04
   2.2072948e-04
   2.2072948e-04
   2.2072948e-04
   2.2072948e-04
   2.2072814e-04
   2.2072814e-04
   2.2072777e-04
   2.2072724e-04
   2.2072724e-04
   2.2072724e-04
   2.2072706e-04
   2.2072660e-04
   2.2072652e-04
   2.2072631e-04
   2.2072631e-04
   2.2072618e-04
   2.2072618e-04
   2.2072618e-04
   2.2072618e-04
   2.2072618e-04
   2.2072617e-04
   2.2072614e-04
   2.2072601e-04
   2.2072593e-04
   2.2072589e-04
   2.2072589e-04
   2.2072587e-04
   2.2072581e-04
   2.2072573e-04
   2.2072568e-04
   2.2072556e-04
   2.2072550e-04
   2.2072545e-04
   2.2072521e-04
   2.2072464e-04
   2.2072407e-04
   2.2072407e-04
   2.2072407e-04
   2.2072407e-04
   2.2072387e-04
   2.2072374e-04
   2.2072374e-04
   2.2072319e-04
   2.2072319e-04
   2.2072319e-04
   2.2072319e-04
   2.2072319e-04
   2.2072319e-04
   2.2072307e-04
   2.2072268e-04
   2.2072250e-04
   2.2072250e-04
   2.2072250e-04
   2.2072250e-04
   2.2072250e-04
   2.2072073e-04
   2.2072073e-04
   2.2071848e-04
   2.2071848e-04
   2.2071724e-04
   2.2071724e-04
   2.2071643e-04
   2.2071335e-04
   2.2070967e-04
   2.2070967e-04
   2.2070861e-04
   2.2070499e-04
   2.2070499e-04
   2.2070499e-04
   2.2070499e-04
   2.2070499e-04
   2.2070499e-04
   2.2070499e-04
   2.2070499e-04
   2.2070499e-04
   2.2070499e-04
   2.2070499e-04
   2.2070499e-04
   2.2070446e-04
   2.2070446e-04
   2.2070446e-04
   2.2070446e-04
   2.2070446e-04
   2.2070446e-04
   2.2070446e-04
   2.2070443e-04
   2.2070439e-04
   2.2070437e-04
   2.2070436e-04
   2.2070435e-04
   2.2070420e-04
   2.2070420e-04
   2.2070411e-04
   2.2070405e-04
   2.2070401e-04
   2.2070383e-04
   2.2070383e-04
   2.2070254e-04
   2.2070254e-04
   2.2070250e-04
   2.2070250e-04
   2.2070250e-04
   2.2070250e-04
   2.2070250e-04
   2.2070242e-04
   2.2070242e-04
   2.2070226e-04
   2.2070226e-04
   2.2070226e-04
   2.2070226e-04
   2.2070226e-04
   2.2070226e-04
   2.2070216e-04
   2.2070216e-04
   2.2070211e-04
   2.2070193e-04
   2.2070182e-04
   2.2070169e-04
   2.2070162e-04
   2.2070154e-04
   2.2070149e-04
   2.2070139e-04
   2.2070129e-04
   2.2070115e-04
   2.2070096e-04
   2.2070096e-04
   2.2070096e-04
   2.2070096e-04
   2.2070094e-04
   2.2070094e-04
   2.2070094e-04
   2.2070083e-04
   2.2070083e-04
   2.2070083e-04
   2.2070083e-04
   2.2070079e-04
   2.2070073e-04
   2.2070065e-04
   2.2070052e-04
   2.2070052e-04
   2.2070048e-04
   2.2070045e-04
   2.2070036e-04
   2.2070035e-04
   2.2070035e-04
   2.2070035e-04
   2.2070035e-04
   2.2070009e-04
   2.2070009e-04
   2.2070009e-04
   2.2070009e-04
   2.2070009e-04
   2.2070009e-04
   2.2070009e-04
   2.2070009e-04
   2.2070009e-04
   2.2070009e-04
   2.2070009e-04
   2.2070005e-04
   2.2070000e-04
   2.2070000e-04
   2.2070000e-04
   2.2070000e-04
   2.2069990e-04
   2.2069986e-04
   2.2069986e-04
   2.2069985e-04
   2.2069985e-04
   2.2069982e-04
   2.2069982e-04
   2.2069978e-04
   2.2069975e-04
   2.2069973e-04
   2.2069969e-04
   2.2069969e-04
   2.2069969e-04
   2.2069969e-04
   2.2069969e-04
   2.2069965e-04
   2.2069960e-04
   2.2069960e-04
   2.2069958e-04
   2.2069958e-04
   2.2069958e-04
   2.2069958e-04
   2.2069958e-04
   2.2069956e-04
   2.2069956e-04
   2.2069956e-04
   2.2069956e-04
   2.2069956e-04
   2.2069956e-04
   2.2069956e-04
   2.2069955e-04
   2.2069955e-04
   2.2069954e-04
   2.2069954e-04
   2.2069954e-04
   2.2069953e-04
   2.2069953e-04
   2.2069945e-04
   2.2069945e-04
   2.2069945e-04
   2.2069945e-04
   2.2069945e-04
   2.2069945e-04
   2.2069945e-04
   2.2069945e-04
   2.2069944e-04
   2.2069944e-04
   2.2069942e-04
   2.2069942e-04
   2.2069940e-04
   2.2069940e-04
   2.2069940e-04
   2.2069940e-04
   2.2069937e-04
   2.2069937e-04
   2.2069937e-04
   2.2069937e-04
   2.2069937e-04
   2.2069937e-04
   2.2069937e-04
   2.2069936e-04
   2.2069935e-04
   2.2069935e-04
   2.2069935e-04
   2.2069935e-04
   2.2069935e-04
   2.2069932e-04
   2.2069931e-04
   2.2069930e-04
   2.2069930e-04
   2.2069930e-04
   2.2069930e-04
   2.2069930e-04
   2.2069930e-04
   2.2069929e-04
   2.2069927e-04
   2.2069925e-04
   2.2069925e-04
   2.2069925e-04
   2.2069925e-04
   2.2069923e-04
   2.2069923e-04
   2.2069922e-04
   2.2069922e-04
   2.2069922e-04
   2.2069920e-04
   2.2069920e-04
   2.2069920e-04
   2.2069920e-04
   2.2069920e-04
   2.2069920e-04
   2.2069920e-04
   2.2069920e-04
   2.2069920e-04
   2.2069920e-04
   2.2069920e-04
   2.2069920e-04
   2.2069920e-04
   2.2069920e-04
   2.2069920e-04
   2.2069920e-04
   2.2069920e-04
   2.2069920e-04
   2.2069920e-04
   2.2069919e-04
   2.2069919e-04
   2.2069918e-04
   2.2069918e-04
   2.2069918e-04
   2.2069918e-04
   2.2069918e-04
   2.2069916e-04
   2.2069916e-04
   2.2069916e-04
   2.2069916e-04
   2.2069916e-04
   2.2069916e-04
   2.2069916e-04
   2.2069916e-04
   2.2069916e-04
   2.2069915e-04
   2.2069915e-04
   2.2069915e-04
   2.2069915e-04
   2.2069915e-04
   2.2069915e-04
   2.2069915e-04
   2.2069915e-04
   2.2069915e-04
   2.2069914e-04
   2.2069914e-04
   2.2069913e-04
   2.2069912e-04
   2.2069912e-04
   2.2069912e-04
   2.2069910e-04
   2.2069910e-04
   2.2069910e-04
   2.2069910e-04
   2.2069910e-04
   2.2069910e-04
   2.2069910e-04
   2.2069909e-04
   2.2069906e-04
   2.2069904e-04
   2.2069904e-04
   2.2069902e-04
   2.2069902e-04
   2.2069902e-04
   2.2069902e-04
   2.2069902e-04
   2.2069902e-04
   2.2069902e-04
   2.2069902e-04
   2.2069902e-04
   2.2069902e-04
   2.2069901e-04
   2.2069901e-04
   2.2069901e-04
   2.2069899e-04
   2.2069899e-04
   2.2069897e-04
   2.2069896e-04
   2.2069896e-04
   2.2069895e-04
   2.2069894e-04
   2.2069894e-04
   2.2069894e-04
   2.2069894e-04
   2.2069893e-04
   2.2069893e-04
   2.2069893e-04
   2.2069889e-04
   2.2069888e-04
   2.2069888e-04
   2.2069885e-04
   2.2069885e-04
   2.2069885e-04
   2.2069881e-04
   2.2069881e-04
   2.2069876e-04
   2.2069875e-04
   2.2069875e-04
   2.2069875e-04
   2.2069873e-04
   2.2069873e-04
   2.2069873e-04
   2.2069872e-04
   2.2069872e-04
   2.2069872e-04
   2.2069872e-04
   2.2069872e-04
   2.2069872e-04
   2.2069872e-04
   2.2069870e-04
   2.2069869e-04
   2.2069869e-04
   2.2069867e-04
   2.2069867e-04
   2.2069867e-04
   2.2069867e-04
   2.2069867e-04
   2.2069867e-04
   2.2069867e-04
   2.2069866e-04
   2.2069866e-04
   2.2069865e-04
   2.2069865e-04
   2.2069865e-04
   2.2069865e-04
   2.2069865e-04
   2.2069865e-04
   2.2069861e-04
